1781221269905 2.0455469103420483 0
1781221274959 1.6767476025749655 1
1781221281313 1.4187592267990112 2
1781221286047 1.1672321838491104 3
1781221292027 1.0615195947534897 4
1781221297151 0.9318401112275965 5
1781221301935 0.8160957098007202 6
1781221308381 0.7234271554385915 7
1781221313272 0.663422216387356 8
1781221318633 0.5712068712010103 9
1781221324688 0.5756853328031653 10
1781221329486 0.4952313146170448 11
1781221335871 0.4843887686729431 12
1781221340760 0.3999474486883949 13
1781221345562 0.313400099382681 14
1781221351937 0.28717990920824166 15
1781221356678 0.27359746834811044 16
1781221362500 0.2592116988757077 17
