1781221269905 37.407407407407405 0
1781221274959 47.03703703703704 1
1781221281313 55.74074074074074 2
1781221286047 64.07407407407408 3
1781221292027 65.92592592592592 4
1781221297151 72.03703703703704 5
1781221301935 76.48148148148148 6
1781221308381 77.5925925925926 7
1781221313272 82.4074074074074 8
1781221318633 86.11111111111111 9
1781221324688 85.0 10
1781221329486 88.70370370370371 11
1781221335871 88.33333333333333 12
1781221340760 89.62962962962963 13
1781221345562 94.44444444444444 14
1781221351937 94.62962962962963 15
1781221356678 94.62962962962963 16
1781221362500 95.37037037037037 17
