1781220451149 12.592592592592593 0
1781220456046 13.703703703703704 1
1781220462574 17.59259259259259 2
1781220467456 16.296296296296298 3
1781220472283 18.333333333333332 4
1781220478972 19.62962962962963 5
1781220483779 22.22222222222222 6
1781220490000 26.85185185185185 7
1781220495060 26.11111111111111 8
1781220499878 26.296296296296298 9
1781220506822 29.074074074074073 10
1781220511835 32.96296296296296 11
1781220517614 30.555555555555557 12
1781220523149 33.51851851851852 13
1781220528006 31.666666666666668 14
1781220534534 35.925925925925924 15
1781220539426 38.148148148148145 16
1781220544758 39.629629629629626 17
1781220550701 38.148148148148145 18
1781220555458 40.0 19
1781220561923 39.81481481481482 20
1781220566732 42.03703703703704 21
1781220571540 40.18518518518518 22
1781220578288 41.111111111111114 23
1781220583127 39.074074074074076 24
1781220588698 42.22222222222222 25
1781220594303 40.925925925925924 26
1781220599221 42.592592592592595 27
1781220605705 44.629629629629626 28
1781220610474 44.44444444444444 29
