1781220451149 2.195378864512724 0
1781220456046 2.1864674792570225 1
1781220462574 2.189467023400699 2
1781220467456 2.173384385950425 3
1781220472283 2.166002624175128 4
1781220478972 2.1553545979892506 5
1781220483779 2.146426888073192 6
1781220490000 2.139962406719432 7
1781220495060 2.1262459334205177 8
1781220499878 2.113621150746065 9
1781220506822 2.1083944404826447 10
1781220511835 2.0848475834902596 11
1781220517614 2.0734208191142365 12
1781220523149 2.0614460075602814 13
1781220528006 2.052102159051334 14
1781220534534 2.0387297798605526 15
1781220539426 2.014595115886015 16
1781220544758 1.9921558744767134 17
1781220550701 1.965907433453728 18
1781220555458 1.956050059374641 19
1781220561923 1.949379044420579 20
1781220566732 1.9116174543605131 21
1781220571540 1.8955442063948686 22
1781220578288 1.885244558839237 23
1781220583127 1.856625662130468 24
1781220588698 1.8279504986370312 25
1781220594303 1.8073207771076876 26
1781220599221 1.78922536092646 27
1781220605705 1.7709269453497494 28
1781220610474 1.7374566583072437 29
