1781218198348 2.170744117568521 0
1781218204234 2.042521729188807 1
1781218209649 1.8806469510583317 2
1781218214527 1.6885617305250729 3
1781218221183 1.518388148616342 4
1781218225920 1.354258186676923 5
1781218230991 1.2441113591194153 6
1781218237128 1.15223326402552 7
1781218241863 1.149872881524703 8
1781218248482 1.045000449699514 9
1781218253375 0.935686972211389 10
1781218258126 0.9923708088257733 11
1781218264650 0.9419081964913536 12
1781218269343 0.8538863220635582 13
1781218275116 0.7992330807096818 14
1781218280608 0.7500089696224999 15
1781218285356 0.7923805415630341 16
1781218291824 0.7690918130033156 17
1781218296525 0.6714460481615627 18
