1781218198348 18.14814814814815 0
1781218204234 35.74074074074074 1
1781218209649 42.407407407407405 2
1781218214527 45.370370370370374 3
1781218221183 52.407407407407405 4
1781218225920 51.111111111111114 5
1781218230991 60.370370370370374 6
1781218237128 59.074074074074076 7
1781218241863 60.370370370370374 8
1781218248482 67.03703703703704 9
1781218253375 67.5925925925926 10
1781218258126 68.88888888888889 11
1781218264650 69.44444444444444 12
1781218269343 71.29629629629629 13
1781218275116 75.74074074074075 14
1781218280608 75.18518518518519 15
1781218285356 74.07407407407408 16
1781218291824 75.74074074074075 17
1781218296525 76.66666666666667 18
