1781223784797 31.666666666666668 0
1781223789462 45.18518518518518 1
1781223795241 54.81481481481482 2
1781223800554 67.5925925925926 3
1781223805375 71.29629629629629 4
1781223811716 72.96296296296296 5
1781223816399 78.51851851851852 6
1781223821644 85.18518518518519 7
1781223827507 84.62962962962963 8
1781223832339 88.33333333333333 9
1781223838768 92.22222222222223 10
1781223843511 92.77777777777777 11
1781223848279 94.81481481481481 12
1781223854606 95.55555555555556 13
1781223859375 97.03703703703704 14
