1781223784797 2.1137797411750343 0
1781223789462 1.8277524148716646 1
1781223795241 1.5101628093158497 2
1781223800554 1.232729112400728 3
1781223805375 1.028913760886473 4
1781223811716 0.9057646709329942 5
1781223816399 0.7522681039922378 6
1781223821644 0.6129027412218206 7
1781223827507 0.5886637007488924 8
1781223832339 0.4915735651465023 9
1781223838768 0.40883611054981456 10
1781223843511 0.3913583571419996 11
1781223848279 0.3252383233869777 12
1781223854606 0.27279768007643085 13
1781223859375 0.2066707356887705 14
