1781215681551 28.14814814814815 0
1781215686609 38.148148148148145 1
1781215693462 37.77777777777778 2
1781215698459 46.111111111111114 3
1781215704354 52.03703703703704 4
1781215710399 55.18518518518518 5
1781215715484 58.7037037037037 6
1781215722254 62.03703703703704 7
1781215727424 61.2962962962963 8
1781215733330 64.81481481481481 9
1781215739272 69.62962962962963 10
1781215744411 72.03703703703704 11
1781215751300 73.33333333333333 12
1781215756414 76.66666666666667 13
1781215762832 78.14814814814815 14
1781215768489 78.70370370370371 15
1781215773581 80.74074074074075 16
1781215780531 84.07407407407408 17
1781215785640 85.55555555555556 18
1781215792373 82.5925925925926 19
1781215797685 82.77777777777777 20
