1781215681551 2.085176467895508 0
1781215686609 1.6495484604555017 1
1781215693462 1.5981971937067367 2
1781215698459 1.4169922225615557 3
1781215704354 1.2813872730030733 4
1781215710399 1.2348950750687544 5
1781215715484 1.1186969911350924 6
1781215722254 1.0135377540307886 7
1781215727424 1.1405942229663624 8
1781215733330 0.9645228035309735 9
1781215739272 0.8056947413612815 10
1781215744411 0.836559046717251 11
1781215751300 0.7545700038180632 12
1781215756414 0.7420578037991243 13
1781215762832 0.7043317310950336 14
1781215768489 0.6492309430066276 15
1781215773581 0.5793917389477 16
1781215780531 0.5110287561136133 17
1781215785640 0.5336072409854216 18
1781215792373 0.5820246636867523 19
1781215797685 0.5659897169646095 20
