1781219664985 13.333333333333334 0
1781219670882 21.85185185185185 1
1781219676194 29.62962962962963 2
1781219680951 36.111111111111114 3
1781219687372 39.25925925925926 4
1781219692260 42.03703703703704 5
1781219697591 42.22222222222222 6
1781219703633 46.48148148148148 7
1781219708383 49.25925925925926 8
1781219714801 46.2962962962963 9
1781219719600 54.44444444444444 10
1781219724387 57.03703703703704 11
1781219731068 55.925925925925924 12
1781219735841 58.7037037037037 13
1781219741848 61.666666666666664 14
1781219747294 62.96296296296296 15
1781219752110 63.51851851851852 16
1781219758561 66.66666666666667 17
1781219763229 70.18518518518519 18
1781219768230 68.88888888888889 19
1781219774640 73.14814814814815 20
1781219779356 75.92592592592592 21
1781219785403 73.88888888888889 22
1781219790447 74.81481481481481 23
1781219795225 77.4074074074074 24
