1781219664985 2.2005326327155617 0
1781219670882 2.1370879762312947 1
1781219676194 2.0848007061902214 2
1781219680951 2.008122577386744 3
1781219687372 1.920003848917344 4
1781219692260 1.8349656637977152 5
1781219697591 1.6903448034735287 6
1781219703633 1.582360078306759 7
1781219708383 1.5277672445072847 8
1781219714801 1.3978091197855331 9
1781219719600 1.3559003787882187 10
1781219724387 1.2442552342134363 11
1781219731068 1.1963880132226383 12
1781219735841 1.1377166544689852 13
1781219741848 1.0785303711891174 14
1781219747294 1.0461555789498722 15
1781219752110 0.9806178352412056 16
1781219758561 0.9408159957212561 17
1781219763229 0.8643997557022992 18
1781219768230 0.8421485914903528 19
1781219774640 0.7887807330664467 20
1781219779356 0.7951572011498844 21
1781219785403 0.7474022262236651 22
1781219790447 0.7245359596084145 23
1781219795225 0.6867376285440782 24
