1781217743123 11.851851851851851 0
1781217750077 14.444444444444445 1
1781217755152 14.25925925925926 2
1781217761910 14.074074074074074 3
1781217767055 15.74074074074074 4
1781217772090 12.962962962962964 5
1781217778888 16.48148148148148 6
1781217783937 17.962962962962962 7
1781217790775 17.40740740740741 8
1781217795808 20.925925925925927 9
1781217801141 19.444444444444443 10
1781217807936 22.962962962962962 11
1781217813005 22.77777777777778 12
1781217819876 24.814814814814813 13
1781217824954 23.88888888888889 14
1781217830237 24.62962962962963 15
1781217836792 25.74074074074074 16
1781217841833 27.962962962962962 17
