1781217743123 2.2101614895988915 0
1781217750077 2.209104537963867 1
1781217755152 2.20173917798435 2
1781217761910 2.189816110274371 3
1781217767055 2.188279867172241 4
1781217772090 2.1942797198015103 5
1781217778888 2.1762772097307095 6
1781217783937 2.1762185587602505 7
1781217790775 2.1639604638604557 8
1781217795808 2.154348878299489 9
1781217801141 2.137662614093107 10
1781217807936 2.1281873969470753 11
1781217813005 2.150391375317293 12
1781217819876 2.1332670099595012 13
1781217824954 2.107337902573978 14
1781217830237 2.1056310850031235 15
1781217836792 2.0859177182702457 16
1781217841833 2.082231689901913 17
