1781222191930 12.592592592592593 0
1781222197053 22.77777777777778 1
1781222203919 24.62962962962963 2
1781222209011 30.185185185185187 3
1781222215763 34.81481481481482 4
1781222220976 37.22222222222222 5
1781222226200 39.81481481481482 6
1781222232765 38.7037037037037 7
1781222237834 42.407407407407405 8
1781222244570 43.148148148148145 9
1781222249687 47.77777777777778 10
1781222255219 49.81481481481482 11
1781222261368 48.7037037037037 12
1781222266476 56.851851851851855 13
1781222273157 57.407407407407405 14
1781222278180 57.77777777777778 15
1781222284075 56.851851851851855 16
1781222290039 58.7037037037037 17
1781222295143 59.81481481481482 18
1781222302006 62.592592592592595 19
1781222307085 61.48148148148148 20
1781222313454 65.0 21
1781222318677 65.92592592592592 22
1781222323707 67.5925925925926 23
1781222330646 68.14814814814815 24
