1781222191930 2.210572453106151 0
1781222197053 2.1606222180759205 1
1781222203919 2.0994001977583943 2
1781222209011 1.9846683319877176 3
1781222215763 1.8287968495312859 4
1781222220976 1.6836112597409416 5
1781222226200 1.5853224922628963 6
1781222232765 1.6260874341515934 7
1781222237834 1.5892423952327055 8
1781222244570 1.466727565316593 9
1781222249687 1.4491146452286665 10
1781222255219 1.3530068397521973 11
1781222261368 1.2982231308432186 12
1781222266476 1.1966533450519337 13
1781222273157 1.0827008766286514 14
1781222278180 1.1085705441587113 15
1781222284075 1.159840142025667 16
1781222290039 1.1154849634451025 17
1781222295143 1.0694915161413305 18
1781222302006 0.9836465365746442 19
1781222307085 0.9454115664257723 20
1781222313454 0.9309936726794523 21
1781222318677 0.9123876936295453 22
1781222323707 0.9012274742126465 23
1781222330646 0.8614479233236874 24
