1781225480195 2.1890346302705654 0
1781225485473 2.1254962472354664 1
1781225492049 2.0401630682103775 2
1781225497642 1.929351939874537 3
1781225502943 1.7919937442330753 4
1781225510658 1.6860666415270638 5
1781225516186 1.5624506683910595 6
1781225523427 1.46870640446158 7
1781225528995 1.411867008489721 8
1781225535943 1.2680127971312578 9
1781225541631 1.2207398484734928 10
1781225547186 1.122702602077933 11
1781225554221 1.0861678579274345 12
1781225559681 0.9957653213949764 13
1781225567107 0.9484828009324915 14
1781225572607 0.9536439881605261 15
1781225579882 0.8879626323195065 16
1781225585336 0.8518785378512215 17
1781225591886 0.8214551736326778 18
1781225598270 0.7374646628604216 19
1781225604031 0.6843190578853383 20
1781225611167 0.6754914574763354 21
1781225616706 0.7074945130768944 22
1781225623888 0.6511252767899457 23
1781225629546 0.5704455463325276 24
1781225636308 0.5545281978214488 25
1781225642157 0.5267661809921265 26
1781225648147 0.5305494140176212 27
1781225655009 0.5157414516981911 28
1781225660490 0.4388942069867078 29
