1781225480195 14.62962962962963 0
1781225485473 25.74074074074074 1
1781225492049 37.03703703703704 2
1781225497642 40.55555555555556 3
1781225502943 44.44444444444444 4
1781225510658 42.592592592592595 5
1781225516186 50.55555555555556 6
1781225523427 51.666666666666664 7
1781225528995 53.7037037037037 8
1781225535943 58.7037037037037 9
1781225541631 60.370370370370374 10
1781225547186 62.77777777777778 11
1781225554221 64.81481481481481 12
1781225559681 69.25925925925925 13
1781225567107 69.62962962962963 14
1781225572607 67.5925925925926 15
1781225579882 71.48148148148148 16
1781225585336 73.88888888888889 17
1781225591886 72.96296296296296 18
1781225598270 78.51851851851852 19
1781225604031 78.33333333333333 20
1781225611167 78.51851851851852 21
1781225616706 77.5925925925926 22
1781225623888 79.81481481481481 23
1781225629546 84.81481481481481 24
1781225636308 84.44444444444444 25
1781225642157 85.92592592592592 26
1781225648147 86.48148148148148 27
1781225655009 84.62962962962963 28
1781225660490 88.51851851851852 29
