1781215472115 2.1834364498362824 0
1781215479059 2.079946616116692 1
1781215484262 1.9425198330598719 2
1781215490110 1.7892540553036858 3
1781215496549 1.6416500806808472 4
1781215501851 1.5443610303542192 5
1781215508695 1.4303858630797441 6
1781215513825 1.3981136995203354 7
1781215520158 1.3895368996788473 8
1781215525744 1.2663787813747631 9
1781215530803 1.195132900686825 10
1781215537666 1.1018757399390726 11
1781215542678 1.0580548679127413 12
1781215549265 0.9860609875005835 13
1781215554529 0.9571955624748679 14
1781215559622 0.9034043585552889 15
1781215566485 0.8923958014039433 16
1781215571662 0.841786405619453 17
1781215578722 0.7927911807509029 18
1781215584083 0.7632181714562809 19
1781215589704 0.738749854704913 20
1781215596279 0.7434024390052346 21
1781215601346 0.6778723544934216 22
