1781215472115 20.185185185185187 0
1781215479059 30.925925925925927 1
1781215484262 33.51851851851852 2
1781215490110 39.81481481481482 3
1781215496549 43.51851851851852 4
1781215501851 44.44444444444444 5
1781215508695 49.44444444444444 6
1781215513825 50.55555555555556 7
1781215520158 55.74074074074074 8
1781215525744 53.148148148148145 9
1781215530803 58.7037037037037 10
1781215537666 61.48148148148148 11
1781215542678 62.77777777777778 12
1781215549265 67.03703703703704 13
1781215554529 68.33333333333333 14
1781215559622 71.85185185185185 15
1781215566485 68.70370370370371 16
1781215571662 70.74074074074075 17
1781215578722 76.11111111111111 18
1781215584083 74.25925925925925 19
1781215589704 76.11111111111111 20
1781215596279 76.29629629629629 21
1781215601346 77.96296296296296 22
