1781220666066 2.083434644867392 0
1781220671322 1.6372577232473038 1
1781220678512 1.5573896660524256 2
1781220683765 1.3818435388452865 3
1781220690287 1.2333366450141459 4
1781220696132 1.2559722206171822 5
1781220701379 1.163886827581069 6
1781220708455 1.0176224428064682 7
1781220713679 0.9904035435003393 8
1781220720693 0.9300646606613608 9
1781220726075 0.8294700769817128 10
1781220731669 0.9119158983230591 11
1781220738256 0.8114140507052926 12
1781220743490 0.6875413060188293 13
1781220750450 0.7718841503648197 14
1781220755665 0.7496830049683066 15
1781220761607 0.6728249542853412 16
1781220767644 0.6290300120325649 17
1781220772912 0.5707034906920265 18
1781220779865 0.5339430535540861 19
1781220785148 0.5311842104967903 20
1781220791371 0.567423485657748 21
1781220797001 0.5123365872046527 22
