1781220666066 27.59259259259259 0
1781220671322 39.25925925925926 1
1781220678512 40.74074074074074 2
1781220683765 46.851851851851855 3
1781220690287 55.0 4
1781220696132 54.44444444444444 5
1781220701379 54.25925925925926 6
1781220708455 60.55555555555556 7
1781220713679 67.22222222222223 8
1781220720693 65.18518518518519 9
1781220726075 68.51851851851852 10
1781220731669 70.92592592592592 11
1781220738256 70.37037037037037 12
1781220743490 74.62962962962963 13
1781220750450 73.51851851851852 14
1781220755665 76.29629629629629 15
1781220761607 78.14814814814815 16
1781220767644 78.70370370370371 17
1781220772912 77.4074074074074 18
1781220779865 82.77777777777777 19
1781220785148 83.51851851851852 20
1781220791371 79.62962962962963 21
1781220797001 85.0 22
