1781223866683 10.185185185185185 0
1781223871521 11.481481481481481 1
1781223876554 14.25925925925926 2
1781223882592 21.48148148148148 3
1781223887488 26.48148148148148 4
1781223893995 31.11111111111111 5
1781223898942 35.925925925925924 6
1781223903794 37.96296296296296 7
1781223910139 37.22222222222222 8
1781223915001 39.629629629629626 9
1781223921357 40.18518518518518 10
1781223926186 46.2962962962963 11
1781223930973 45.0 12
1781223937434 45.55555555555556 13
1781223942157 45.370370370370374 14
1781223947893 47.22222222222222 15
1781223953308 48.7037037037037 16
1781223958103 49.25925925925926 17
