1781223866683 2.2048137748942658 0
1781223871521 2.1969034251044777 1
1781223876554 2.180231010212618 2
1781223882592 2.159174680709839 3
1781223887488 2.1277789648841408 4
1781223893995 2.1029532095965218 5
1781223898942 2.061217840980081 6
1781223903794 2.01511988920324 7
1781223910139 1.9844196684220259 8
1781223915001 1.925787932732526 9
1781223921357 1.8833898866877836 10
1781223926186 1.8157971326042623 11
1781223930973 1.7652060564826517 12
1781223937434 1.7159008488935583 13
1781223942157 1.6380154735901777 14
1781223947893 1.587539742974674 15
1781223953308 1.498054819948533 16
1781223958103 1.4512172446531408 17
