1781218759585 2.1438325082554535 0
1781218764845 1.8874113279230453 1
1781218769706 1.6112407340722925 2
1781218776174 1.3957481629708235 3
1781218780941 1.2135847281007206 4
1781218786006 1.0948177085203283 5
1781218792125 1.029576731078765 6
1781218796821 0.9559171453994864 7
1781218803078 0.8883588086156284 8
1781218807990 0.8841737754204694 9
1781218812775 0.7563270418082967 10
1781218819309 0.813173482523245 11
1781218824129 0.7323564317296533 12
1781218829574 0.7046755543526482 13
1781218835365 0.6425926965825698 14
