1781224928483 2.1869277954101562 0
1781224935014 2.1269003924201515 1
1781224939828 2.0551509015700398 2
1781224946475 1.927520965828615 3
1781224951281 1.811178775394664 4
1781224956050 1.6947548144003923 5
1781224962545 1.6123340971329634 6
1781224967536 1.5674326419830322 7
1781224973756 1.5483412602368523 8
1781224978876 1.4716956405078663 9
1781224983755 1.3582097081577076 10
1781224990279 1.3650764735306011 11
1781224995181 1.2730305370162516 12
1781225001438 1.2018706745961134 13
1781225006600 1.1830013815094442 14
1781225011312 1.1064204240546507 15
1781225017830 1.073542256565655 16
1781225022625 1.0690662878401138 17
1781225028458 0.9928885750910815 18
1781225034004 0.9848102488938499 19
1781225038875 0.99012492684757 20
1781225045310 0.9262761859332814 21
1781225050104 0.8741206281325397 22
1781225055637 0.913585200029261 23
1781225061626 0.876381952972973 24
