1781224928483 14.814814814814815 0
1781224935014 23.703703703703702 1
1781224939828 26.85185185185185 2
1781224946475 30.925925925925927 3
1781224951281 34.629629629629626 4
1781224956050 39.44444444444444 5
1781224962545 37.96296296296296 6
1781224967536 44.629629629629626 7
1781224973756 42.22222222222222 8
1781224978876 49.44444444444444 9
1781224983755 51.111111111111114 10
1781224990279 51.2962962962963 11
1781224995181 52.77777777777778 12
1781225001438 57.96296296296296 13
1781225006600 56.666666666666664 14
1781225011312 62.22222222222222 15
1781225017830 60.18518518518518 16
1781225022625 63.51851851851852 17
1781225028458 63.148148148148145 18
1781225034004 64.81481481481481 19
1781225038875 65.55555555555556 20
1781225045310 68.14814814814815 21
1781225050104 69.07407407407408 22
1781225055637 70.37037037037037 23
1781225061626 69.07407407407408 24
