1781225067774 12.407407407407407 0
1781225074726 11.11111111111111 1
1781225079909 13.148148148148149 2
1781225086869 15.74074074074074 3
1781225092120 19.074074074074073 4
1781225097988 20.0 5
1781225104231 19.25925925925926 6
1781225109422 22.77777777777778 7
1781225116405 27.59259259259259 8
1781225121615 26.11111111111111 9
1781225128496 30.74074074074074 10
1781225133684 31.296296296296298 11
1781225139115 34.074074074074076 12
1781225146024 33.7037037037037 13
1781225151276 35.18518518518518 14
1781225158196 35.0 15
1781225163377 34.44444444444444 16
1781225169900 38.7037037037037 17
