1781225067774 2.199993435074301 0
1781225074726 2.1812431391547706 1
1781225079909 2.170731874073253 2
1781225086869 2.178299637401805 3
1781225092120 2.1651366247850308 4
1781225097988 2.134483919424169 5
1781225104231 2.129641469787149 6
1781225109422 2.1070433574564316 7
1781225116405 2.106793908511891 8
1781225121615 2.084247715332929 9
1781225128496 2.0595479256966533 10
1781225133684 2.0274242758750916 11
1781225139115 1.9986858332858366 12
1781225146024 1.9719146209604599 13
1781225151276 1.9439743617001701 14
1781225158196 1.929513156414032 15
1781225163377 1.8783728059600382 16
1781225169900 1.8461440065327812 17
