1781214543970 27.40740740740741 0
1781214549056 45.18518518518518 1
1781214555234 49.25925925925926 2
1781214560893 56.2962962962963 3
1781214565990 57.77777777777778 4
1781214573184 59.629629629629626 5
1781214578146 65.37037037037037 6
1781214584667 68.33333333333333 7
1781214590199 70.0 8
1781214595229 69.62962962962963 9
1781214602096 71.29629629629629 10
1781214607152 73.51851851851852 11
1781214613663 74.25925925925925 12
1781214619178 74.44444444444444 13
1781214624230 77.96296296296296 14
