1781214543970 2.1207172169404873 0
1781214549056 1.8150400309001697 1
1781214555234 1.5655354436706095 2
1781214560893 1.368285662987653 3
1781214565990 1.2377901164924396 4
1781214573184 1.154263254474191 5
1781214578146 1.0640060147818398 6
1781214584667 0.9993413791936987 7
1781214590199 0.9398172778241775 8
1781214595229 0.9173792162362266 9
1781214602096 0.8436183990801082 10
1781214607152 0.8535324256209766 11
1781214613663 0.8110139019349042 12
1781214619178 0.7971664938856574 13
1781214624230 0.7003294983330894 14
