1781217578126 21.296296296296298 0
1781217583185 32.407407407407405 1
1781217588730 34.81481481481482 2
1781217594669 38.888888888888886 3
1781217599509 41.666666666666664 4
1781217606178 43.888888888888886 5
1781217611000 45.18518518518518 6
1781217615870 47.592592592592595 7
1781217622594 50.370370370370374 8
1781217627384 53.148148148148145 9
1781217633497 50.18518518518518 10
1781217638712 53.148148148148145 11
1781217643479 54.074074074074076 12
1781217650136 57.592592592592595 13
1781217655117 60.0 14
1781217660778 60.925925925925924 15
1781217666494 58.888888888888886 16
1781217671195 61.111111111111114 17
1781217677714 64.07407407407408 18
1781217682501 66.11111111111111 19
1781217687370 62.77777777777778 20
1781217693787 65.0 21
1781217698637 63.888888888888886 22
1781217704925 65.0 23
1781217709910 69.62962962962963 24
1781217714624 69.44444444444444 25
1781217721085 69.07407407407408 26
1781217726005 71.29629629629629 27
1781217731719 71.85185185185185 28
1781217737299 72.96296296296296 29
