1781217578126 2.1404323122080635 0
1781217583185 1.771323396879084 1
1781217588730 1.7395486866726595 2
1781217594669 1.6533799732432646 3
1781217599509 1.5354838651769303 4
1781217606178 1.5026601833455704 5
1781217611000 1.392776170197655 6
1781217615870 1.4965165783377254 7
1781217622594 1.3787048090906704 8
1781217627384 1.3409104136859669 9
1781217633497 1.275147779899485 10
1781217638712 1.245522965403164 11
1781217643479 1.2440347285831677 12
1781217650136 1.1187429656000698 13
1781217655117 1.0700021070592545 14
1781217660778 1.0217603708014769 15
1781217666494 1.053110634579378 16
1781217671195 1.0298863544183618 17
1781217677714 0.981154319118051 18
1781217682501 1.0181748604073244 19
1781217687370 0.9942360502832076 20
1781217693787 0.9465258068898145 21
1781217698637 0.8955879053648781 22
1781217704925 0.9735241497264189 23
1781217709910 0.864768369232907 24
1781217714624 0.8822931410635219 25
1781217721085 0.879716199987075 26
1781217726005 0.8329397141933441 27
1781217731719 0.8354694273541955 28
1781217737299 0.7883006211589364 29
