1781225327583 16.11111111111111 0
1781225332490 27.22222222222222 1
1781225338923 37.592592592592595 2
1781225343776 43.7037037037037 3
1781225348736 43.888888888888886 4
1781225354969 47.77777777777778 5
1781225360153 50.55555555555556 6
1781225366676 52.77777777777778 7
1781225371542 54.81481481481482 8
1781225376454 57.592592592592595 9
1781225382950 61.2962962962963 10
1781225387840 61.48148148148148 11
1781225394584 66.48148148148148 12
1781225399498 64.44444444444444 13
1781225404430 63.7037037037037 14
1781225410948 67.03703703703704 15
1781225415769 65.18518518518519 16
1781225422211 68.14814814814815 17
1781225427158 66.11111111111111 18
1781225432224 68.33333333333333 19
1781225438867 70.92592592592592 20
1781225443775 72.77777777777777 21
1781225450415 72.96296296296296 22
1781225455412 72.77777777777777 23
1781225460455 73.14814814814815 24
1781225467283 75.55555555555556 25
1781225472313 75.55555555555556 26
