1781225327583 2.183154260410982 0
1781225332490 2.079914759187137 1
1781225338923 1.8508291454876171 2
1781225343776 1.5929070991628311 3
1781225348736 1.5417526189018698 4
1781225354969 1.4160482252345366 5
1781225360153 1.3337889734436483 6
1781225366676 1.253854190602022 7
1781225371542 1.1386482329929577 8
1781225376454 1.0898306510027718 9
1781225382950 1.0663506634095137 10
1781225387840 0.9999287654371822 11
1781225394584 0.9495715428801144 12
1781225399498 0.9023727143512053 13
1781225404430 0.9120532694984885 14
1781225410948 0.8926346863017363 15
1781225415769 0.9178544388097876 16
1781225422211 0.8076725251534406 17
1781225427158 0.846872066750246 18
1781225432224 0.8042169791810653 19
1781225438867 0.781715568374185 20
1781225443775 0.7696858188685249 21
1781225450415 0.7009408964830286 22
1781225455412 0.7139511546667885 23
1781225460455 0.7323989833102507 24
1781225467283 0.6641434939468608 25
1781225472313 0.6548014072810903 26
