1781224118062 2.084945461329292 0
1781224123149 1.7476026310640222 1
1781224128898 1.6531726192025578 2
1781224135048 1.4627890867345474 3
1781224140122 1.360064660801607 4
1781224146779 1.342768956633175 5
1781224151871 1.2135860008351944 6
1781224157934 1.161853534333846 7
1781224163780 1.1828227043151855 8
1781224168960 1.0670339465141296 9
1781224175784 0.9985071560915779 10
1781224180883 1.051984997356639 11
1781224187424 0.9628721405478085 12
1781224192599 0.8559444353860968 13
1781224197765 0.8832001651034636 14
1781224204227 0.877650797367096 15
1781224209226 0.8125304088873022 16
1781224215860 0.7784836818190182 17
1781224221109 0.7890286866356345 18
1781224226817 0.7832872271537781 19
1781224232914 0.7562535089604995 20
1781224237878 0.7574488976422478 21
1781224244468 0.6653784320634955 22
