1781224118062 29.25925925925926 0
1781224123149 36.48148148148148 1
1781224128898 36.2962962962963 2
1781224135048 41.851851851851855 3
1781224140122 53.888888888888886 4
1781224146779 52.22222222222222 5
1781224151871 53.888888888888886 6
1781224157934 55.925925925925924 7
1781224163780 56.2962962962963 8
1781224168960 56.666666666666664 9
1781224175784 63.7037037037037 10
1781224180883 65.18518518518519 11
1781224187424 64.44444444444444 12
1781224192599 68.14814814814815 13
1781224197765 66.29629629629629 14
1781224204227 68.51851851851852 15
1781224209226 68.70370370370371 16
1781224215860 70.18518518518519 17
1781224221109 72.22222222222223 18
1781224226817 73.51851851851852 19
1781224232914 73.70370370370371 20
1781224237878 73.88888888888889 21
1781224244468 77.22222222222223 22
