1781222042801 42.592592592592595 0
1781222049552 51.2962962962963 1
1781222054407 55.74074074074074 2
1781222060202 68.51851851851852 3
1781222065709 68.33333333333333 4
1781222070517 70.18518518518519 5
1781222076980 76.29629629629629 6
1781222081882 79.07407407407408 7
1781222087505 80.74074074074075 8
1781222093211 83.33333333333333 9
1781222097903 80.92592592592592 10
1781222104348 85.0 11
1781222109103 87.96296296296296 12
1781222114136 87.03703703703704 13
1781222120350 88.51851851851852 14
1781222125179 91.29629629629629 15
