1781222042801 2.031020718462327 0
1781222049552 1.535392067011665 1
1781222054407 1.2592706820544075 2
1781222060202 1.019169709261726 3
1781222065709 0.9424085792373208 4
1781222070517 0.8349206657970653 5
1781222076980 0.7535977784325095 6
1781222081882 0.6599351009901833 7
1781222087505 0.6124469480093788 8
1781222093211 0.5563980095526752 9
1781222097903 0.564737938782748 10
1781222104348 0.4980689024224001 11
1781222109103 0.44369382542722363 12
1781222114136 0.4324926900513032 13
1781222120350 0.38619231301195484 14
1781222125179 0.3662499925669502 15
