1781220080189 2.199452856007744 0
1781220086553 2.1945594829671524 1
1781220092511 2.182764102430905 2
1781220097710 2.177345871925354 3
1781220104704 2.172281587825102 4
1781220109964 2.164574517923243 5
1781220116733 2.153939864214729 6
1781220122101 2.1470815153682934 7
1781220127695 2.137365039657144 8
1781220134477 2.1266650312087116 9
1781220139743 2.113775737145368 10
1781220146794 2.1027942615396835 11
1781220151973 2.0989362281911514 12
1781220157935 2.0843726606930004 13
1781220164075 2.075528432341183 14
1781220169288 2.064106923692367 15
1781220176325 2.0545627544907963 16
1781220181488 2.0343178861281452 17
1781220187968 2.0183489708339466 18
1781220193481 2.006153534440433 19
1781220198789 1.9900848514893477 20
1781220206028 1.9678400544559254 21
