1781220080189 12.407407407407407 0
1781220086553 14.074074074074074 1
1781220092511 15.74074074074074 2
1781220097710 19.444444444444443 3
1781220104704 18.703703703703702 4
1781220109964 22.962962962962962 5
1781220116733 24.25925925925926 6
1781220122101 25.185185185185187 7
1781220127695 25.37037037037037 8
1781220134477 30.0 9
1781220139743 30.555555555555557 10
1781220146794 30.555555555555557 11
1781220151973 29.62962962962963 12
1781220157935 31.666666666666668 13
1781220164075 29.074074074074073 14
1781220169288 32.407407407407405 15
1781220176325 29.814814814814813 16
1781220181488 31.85185185185185 17
1781220187968 34.629629629629626 18
1781220193481 33.148148148148145 19
1781220198789 37.22222222222222 20
1781220206028 38.51851851851852 21
