1781216390013 2.191905175938326 0
1781216396427 2.1833761299357697 1
1781216401293 2.175988982705509 2
1781216408022 2.1588750025805306 3
1781216412876 2.1500379478230194 4
1781216417742 2.1363502109751984 5
1781216424378 2.124152225606582 6
1781216429232 2.1132779121398926 7
1781216434987 2.0970515223110424 8
1781216440496 2.084430792752434 9
1781216445350 2.07252275242525 10
1781216451896 2.0516665542826935 11
1781216456645 2.0268028834286858 12
1781216461873 2.0235212830936207 13
1781216467961 2.001478847335367 14
1781216472761 1.979219443657819 15
1781216479321 1.956805285285501 16
1781216484216 1.9370927319807165 17
1781216489027 1.9050703118829166 18
1781216495730 1.8842762007432825 19
1781216500560 1.8759918283013737 20
1781216506476 1.8391308433869307 21
1781216511899 1.8130583412507002 22
1781216516719 1.8071150569354786 23
1781216523292 1.7804734917247997 24
1781216528117 1.761526205960442 25
1781216533327 1.7419920879251816 26
