1781216390013 12.592592592592593 0
1781216396427 12.592592592592593 1
1781216401293 15.185185185185185 2
1781216408022 19.25925925925926 3
1781216412876 22.77777777777778 4
1781216417742 25.0 5
1781216424378 24.62962962962963 6
1781216429232 30.37037037037037 7
1781216434987 32.77777777777778 8
1781216440496 31.11111111111111 9
1781216445350 34.44444444444444 10
1781216451896 37.592592592592595 11
1781216456645 35.370370370370374 12
1781216461873 36.48148148148148 13
1781216467961 37.407407407407405 14
1781216472761 36.111111111111114 15
1781216479321 44.074074074074076 16
1781216484216 40.18518518518518 17
1781216489027 44.074074074074076 18
1781216495730 43.148148148148145 19
1781216500560 45.55555555555556 20
1781216506476 44.81481481481482 21
1781216511899 45.74074074074074 22
1781216516719 45.0 23
1781216523292 46.48148148148148 24
1781216528117 46.666666666666664 25
1781216533327 45.55555555555556 26
