1781219573848 17.59259259259259 0
1781219578587 28.333333333333332 1
1781219583456 34.074074074074076 2
1781219589917 41.111111111111114 3
1781219594623 44.44444444444444 4
1781219600683 50.18518518518518 5
1781219605874 52.96296296296296 6
1781219610580 51.851851851851855 7
1781219617005 50.55555555555556 8
1781219621770 58.51851851851852 9
1781219626730 58.148148148148145 10
1781219632818 63.148148148148145 11
1781219637464 65.55555555555556 12
1781219643432 65.18518518518519 13
1781219648395 68.88888888888889 14
1781219653159 70.74074074074075 15
1781219659563 69.62962962962963 16
