1781219573848 2.196385818369248 0
1781219578587 2.070691704750061 1
1781219583456 1.9090842148836922 2
1781219589917 1.6226804607054766 3
1781219594623 1.5620995619717766 4
1781219600683 1.3496428412549637 5
1781219605874 1.2925142540651209 6
1781219610580 1.1889224438106312 7
1781219617005 1.1072267609484054 8
1781219621770 1.0484302815269022 9
1781219626730 0.9852185635005727 10
1781219632818 0.9085756855852464 11
1781219637464 0.8863858194912181 12
1781219643432 0.8413277303471285 13
1781219648395 0.806644460734199 14
1781219653159 0.7900873738176682 15
1781219659563 0.7424954719403211 16
