1781222692088 2.208786193062277 0
1781222697659 2.2009909994461956 1
1781222702571 2.178689437754014 2
1781222709014 2.154038092669319 3
1781222713865 2.1360228061676025 4
1781222719184 2.1117232547086826 5
1781222725102 2.069339261335485 6
1781222729976 2.044030988917631 7
1781222736369 2.0069491021773396 8
1781222741300 1.9484708800035364 9
1781222746208 1.9304087162017822 10
1781222752363 1.8590980207218843 11
1781222757094 1.809704773566302 12
1781222763304 1.7475550314959358 13
1781222768219 1.6515613513834335 14
1781222772967 1.6277787054286283 15
