1781222692088 11.11111111111111 0
1781222697659 10.925925925925926 1
1781222702571 14.074074074074074 2
1781222709014 16.11111111111111 3
1781222713865 21.296296296296298 4
1781222719184 24.62962962962963 5
1781222725102 25.185185185185187 6
1781222729976 28.51851851851852 7
1781222736369 30.185185185185187 8
1781222741300 35.0 9
1781222746208 37.03703703703704 10
1781222752363 36.851851851851855 11
1781222757094 38.333333333333336 12
1781222763304 42.03703703703704 13
1781222768219 41.851851851851855 14
1781222772967 40.925925925925924 15
