1781214449344 12.407407407407407 0
1781214456183 15.925925925925926 1
1781214461506 21.11111111111111 2
1781214466732 24.62962962962963 3
1781214473392 30.925925925925927 4
1781214478364 33.148148148148145 5
1781214485188 35.74074074074074 6
1781214490210 37.96296296296296 7
1781214495433 41.851851851851855 8
1781214502252 40.55555555555556 9
1781214507226 43.7037037037037 10
1781214514156 46.666666666666664 11
1781214519212 45.18518518518518 12
1781214524984 43.888888888888886 13
1781214531312 46.111111111111114 14
1781214536284 48.148148148148145 15
