1781214449344 2.1916109323501587 0
1781214456183 2.1704811839496387 1
1781214461506 2.1453931051142074 2
1781214466732 2.1202744876637176 3
1781214473392 2.1006975664811978 4
1781214478364 2.062484011930578 5
1781214485188 2.043050674831166 6
1781214490210 1.9958057228256674 7
1781214495433 1.9674005087684183 8
1781214502252 1.9323713919695686 9
1781214507226 1.8946282583124496 10
1781214514156 1.8464294216212105 11
1781214519212 1.8052156848065994 12
1781214524984 1.7682486667352564 13
1781214531312 1.7265103529481327 14
1781214536284 1.6914728914990145 15
