1781217248506 13.518518518518519 0
1781217253839 24.814814814814813 1
1781217258473 31.48148148148148 2
1781217264869 38.7037037037037 3
1781217269605 42.77777777777778 4
1781217274385 42.407407407407405 5
1781217280654 48.148148148148145 6
1781217285391 51.48148148148148 7
1781217291201 54.81481481481482 8
1781217296541 53.51851851851852 9
1781217301251 59.25925925925926 10
1781217307744 63.51851851851852 11
1781217312557 65.55555555555556 12
1781217317745 66.29629629629629 13
1781217323740 71.66666666666667 14
1781217328472 70.92592592592592 15
1781217334907 73.51851851851852 16
1781217339577 77.03703703703704 17
1781217344309 80.55555555555556 18
1781217350821 78.51851851851852 19
1781217355603 84.81481481481481 20
1781217360762 84.44444444444444 21
1781217366882 87.03703703703704 22
1781217371523 87.5925925925926 23
1781217377781 88.14814814814815 24
1781217382509 90.37037037037037 25
1781217387262 91.29629629629629 26
1781217393730 92.22222222222223 27
1781217398360 91.11111111111111 28
1781217403628 93.33333333333333 29
