1781217248506 2.199564022176406 0
1781217253839 2.1311044692993164 1
1781217258473 2.0674492962220135 2
1781217264869 1.9804924656363094 3
1781217269605 1.876911107231589 4
1781217274385 1.7841443454518038 5
1781217280654 1.6303536120583029 6
1781217285391 1.49626703823314 7
1781217291201 1.4505329763188082 8
1781217296541 1.3030741635490866 9
1781217301251 1.2461692375295303 10
1781217307744 1.120445142774021 11
1781217312557 1.0419695342288298 12
1781217317745 0.9777589405284208 13
1781217323740 0.9285412115209243 14
1781217328472 0.8910390348995433 15
1781217334907 0.8052115440368652 16
1781217339577 0.7396057072807761 17
1781217344309 0.6732257271514219 18
1781217350821 0.6589203406782711 19
1781217355603 0.5943222501698662 20
1781217360762 0.5647555817576015 21
1781217366882 0.4997433388934416 22
1781217371523 0.4769393345888923 23
1781217377781 0.4245302729746875 24
1781217382509 0.40249505113152895 25
1781217387262 0.38379209357149463 26
1781217393730 0.3557613001150243 27
1781217398360 0.3486039805061677 28
1781217403628 0.3149857117849238 29
