1781290994258 26.296296296296298 0
1781291001058 51.111111111111114 1
1781291009613 59.44444444444444 2
1781291016089 62.407407407407405 3
1781291024377 64.81481481481481 4
1781291030962 66.66666666666667 5
1781291039197 66.29629629629629 6
1781291046027 66.48148148148148 7
1781291054619 65.74074074074075 8
1781291061341 69.81481481481481 9
1781291070069 71.85185185185185 10
1781291077369 71.66666666666667 11
1781291085160 71.66666666666667 12
1781291093323 74.62962962962963 13
1781291100602 76.11111111111111 14
1781291108698 73.33333333333333 15
1781291115410 73.51851851851852 16
1781291123710 75.92592592592592 17
1781291130483 72.22222222222223 18
1781291139064 75.18518518518519 19
