1781221722394 10.925925925925926 0
1781221727175 14.074074074074074 1
1781221733498 14.444444444444445 2
1781221738223 20.74074074074074 3
1781221742976 22.22222222222222 4
1781221749591 23.14814814814815 5
1781221754385 29.444444444444443 6
1781221759889 29.074074074074073 7
1781221765694 32.407407407407405 8
1781221770551 33.51851851851852 9
1781221777089 32.22222222222222 10
1781221781783 36.2962962962963 11
1781221786480 40.0 12
1781221793006 39.44444444444444 13
1781221797734 38.51851851851852 14
1781221803392 39.074074074074076 15
1781221808964 43.333333333333336 16
1781221813698 40.55555555555556 17
1781221820130 43.148148148148145 18
1781221824876 42.03703703703704 19
1781221829714 45.0 20
1781221835982 42.22222222222222 21
1781221840931 44.629629629629626 22
1781221846893 40.74074074074074 23
1781221852012 45.370370370370374 24
1781221856916 44.629629629629626 25
1781221863344 48.51851851851852 26
1781221868173 47.407407407407405 27
1781221873440 49.074074074074076 28
1781221879392 49.25925925925926 29
