1781221722394 2.203847092740676 0
1781221727175 2.1816696138942944 1
1781221733498 2.1710012309691487 2
1781221738223 2.158991862745846 3
1781221742976 2.145713301265941 4
1781221749591 2.1298117848003613 5
1781221754385 2.1123672934139477 6
1781221759889 2.10322209666757 7
1781221765694 2.087425849016975 8
1781221770551 2.072737620157354 9
1781221777089 2.0454651888679054 10
1781221781783 2.0393123205970314 11
1781221786480 2.0159188018125644 12
1781221793006 2.0069196399520424 13
1781221797734 1.9765164501526777 14
1781221803392 1.9632316371973824 15
1781221808964 1.9350446322385002 16
1781221813698 1.9254475165815914 17
1781221820130 1.8912856263272904 18
1781221824876 1.8688110498821033 19
1781221829714 1.848850923426011 20
1781221835982 1.8388108085183537 21
1781221840931 1.8193403727868025 22
1781221846893 1.795429966028999 23
1781221852012 1.7680759675362532 24
1781221856916 1.7377424660850973 25
1781221863344 1.7118524277911467 26
1781221868173 1.677232002510744 27
1781221873440 1.6764769203522627 28
1781221879392 1.6382104999878828 29
