1781220342514 2.0976227662142586 0
1781220349702 1.715723388335284 1
1781220355052 1.4707478705574484 2
1781220362177 1.255758085671593 3
1781220367451 1.1342792826540329 4
1781220373236 0.9785466649953056 5
1781220379643 0.9212498699917513 6
1781220384919 0.8264137506484985 7
1781220392070 0.7538402781767004 8
1781220397272 0.7126080972306869 9
1781220403534 0.7044757885091445 10
1781220409417 0.629588419900221 11
1781220414662 0.5889864616534289 12
1781220421754 0.5740272578071145 13
1781220426919 0.52008297513513 14
1781220433668 0.4633900628370397 15
1781220438858 0.42625632531502666 16
1781220444116 0.4049123814877342 17
