1781220342514 30.185185185185187 0
1781220349702 45.74074074074074 1
1781220355052 50.74074074074074 2
1781220362177 60.370370370370374 3
1781220367451 62.96296296296296 4
1781220373236 66.11111111111111 5
1781220379643 68.14814814814815 6
1781220384919 74.44444444444444 7
1781220392070 74.44444444444444 8
1781220397272 77.03703703703704 9
1781220403534 78.70370370370371 10
1781220409417 80.37037037037037 11
1781220414662 81.85185185185185 12
1781220421754 81.29629629629629 13
1781220426919 84.25925925925925 14
1781220433668 86.29629629629629 15
1781220438858 88.51851851851852 16
1781220444116 89.25925925925925 17
