1781221045288 2.147552917985355 0
1781221052255 1.917269412209006 1
1781221057452 1.696922011235181 2
1781221063766 1.617132488419028 3
1781221069647 1.483641052947325 4
1781221074813 1.385834548403235 5
1781221081793 1.3047635187120998 6
1781221086954 1.183793404523064 7
1781221093960 1.2343772807542015 8
1781221099120 1.1401463449001312 9
1781221104911 1.1073731482028961 10
1781221111421 1.090803812531864 11
1781221116584 1.0318079660920536 12
1781221123579 1.0050818253965939 13
1781221128696 0.99568632069756 14
