1781219803106 2.0239556116216324 0
1781219808449 1.6824335911694694 1
1781219815534 1.567498603287865 2
1781219820762 1.4555297879611744 3
1781219826508 1.3713138348915999 4
1781219832954 1.3471764729303473 5
1781219838088 1.335716386051739 6
1781219845173 1.2296327527831583 7
1781219850456 1.2240235560080583 8
1781219856973 1.107488058945712 9
1781219862687 1.0861408640356625 10
1781219867925 1.1006511853021734 11
1781219874891 1.0677104592323303 12
1781219880095 0.9495585639687145 13
1781219887230 0.9372168796903947 14
1781219892394 0.962464137988932 15
1781219898280 0.8546551027718712 16
1781219904691 0.8335089069955489 17
1781219909922 0.8220646924832288 18
1781219917063 0.8432331365697524 19
1781219922296 0.810007524840972 20
1781219928969 0.8120015079484266 21
1781219934630 0.7107065153472564 22
1781219939724 0.7724911237464231 23
1781219946866 0.6793853544137057 24
1781219952076 0.7101880925543168 25
1781219959177 0.7152126729488373 26
1781219964397 0.6662602617460138 27
1781219970504 0.6855511393617181 28
