1781219803106 31.85185185185185 0
1781219808449 36.48148148148148 1
1781219815534 42.77777777777778 2
1781219820762 48.333333333333336 3
1781219826508 50.74074074074074 4
1781219832954 54.44444444444444 5
1781219838088 53.888888888888886 6
1781219845173 58.333333333333336 7
1781219850456 53.888888888888886 8
1781219856973 62.592592592592595 9
1781219862687 60.55555555555556 10
1781219867925 61.851851851851855 11
1781219874891 62.22222222222222 12
1781219880095 69.44444444444444 13
1781219887230 68.51851851851852 14
1781219892394 69.44444444444444 15
1781219898280 71.66666666666667 16
1781219904691 71.66666666666667 17
1781219909922 71.11111111111111 18
1781219917063 71.85185185185185 19
1781219922296 74.07407407407408 20
1781219928969 73.14814814814815 21
1781219934630 77.03703703703704 22
1781219939724 74.81481481481481 23
1781219946866 80.74074074074075 24
1781219952076 79.81481481481481 25
1781219959177 78.70370370370371 26
1781219964397 78.51851851851852 27
1781219970504 78.51851851851852 28
