1781220211639 2.198718849350424 0
1781220218420 2.1532828246845916 1
1781220223417 2.0686391767333534 2
1781220228751 1.9681163114659928 3
1781220235025 1.8437755633802975 4
1781220239891 1.675540773307576 5
1781220246396 1.550275963895461 6
1781220251289 1.4359831284074223 7
1781220256088 1.3029894828796387 8
1781220263010 1.2001841296167934 9
1781220267930 1.1189540484372307 10
1781220274270 1.0470030710977667 11
1781220279627 0.9474632687428418 12
1781220284580 0.902378236546236 13
1781220291477 0.8892869563663707 14
1781220296414 0.8453085063134923 15
1781220302447 0.775455546729705 16
1781220307949 0.7838887817719403 17
1781220313047 0.6960755910943536 18
1781220319882 0.694016595973688 19
1781220324911 0.6836962252855301 20
1781220330720 0.6062673838699565 21
1781220336507 0.6199068225481931 22
