1781220211639 13.518518518518519 0
1781220218420 24.074074074074073 1
1781220223417 35.925925925925924 2
1781220228751 37.22222222222222 3
1781220235025 40.370370370370374 4
1781220239891 44.629629629629626 5
1781220246396 47.77777777777778 6
1781220251289 50.74074074074074 7
1781220256088 53.888888888888886 8
1781220263010 55.18518518518518 9
1781220267930 60.0 10
1781220274270 62.03703703703704 11
1781220279627 65.37037037037037 12
1781220284580 67.96296296296296 13
1781220291477 68.33333333333333 14
1781220296414 69.81481481481481 15
1781220302447 69.07407407407408 16
1781220307949 70.18518518518519 17
1781220313047 77.03703703703704 18
1781220319882 75.0 19
1781220324911 75.92592592592592 20
1781220330720 78.51851851851852 21
1781220336507 78.33333333333333 22
