1781218092927 2.2049940684262443 0
1781218098112 2.194761437528274 1
1781218104635 2.1847236717448517 2
1781218110169 2.1786409896962784 3
1781218115288 2.171084824730368 4
1781218122353 2.167172249625711 5
1781218127436 2.1539585940978108 6
1781218134241 2.145399907056023 7
1781218139449 2.1373143196105957 8
1781218144783 2.119381771368139 9
1781218151705 2.113084582721486 10
1781218156931 2.1018246622646557 11
1781218163817 2.0866457013522877 12
1781218168932 2.0730117208817425 13
1781218174580 2.0608716081170475 14
1781218180927 2.04061002591077 15
1781218186048 2.032528183039497 16
1781218192859 2.011814461034887 17
