1781218092927 11.666666666666666 0
1781218098112 12.037037037037036 1
1781218104635 15.925925925925926 2
1781218110169 19.62962962962963 3
1781218115288 19.62962962962963 4
1781218122353 23.14814814814815 5
1781218127436 29.814814814814813 6
1781218134241 29.074074074074073 7
1781218139449 29.62962962962963 8
1781218144783 31.48148148148148 9
1781218151705 32.592592592592595 10
1781218156931 33.51851851851852 11
1781218163817 35.18518518518518 12
1781218168932 32.22222222222222 13
1781218174580 33.888888888888886 14
1781218180927 33.51851851851852 15
1781218186048 33.888888888888886 16
1781218192859 39.44444444444444 17
