1781223204911 18.88888888888889 0
1781223211332 37.592592592592595 1
1781223216257 45.370370370370374 2
1781223221022 50.55555555555556 3
1781223227414 51.48148148148148 4
1781223232210 55.0 5
1781223238275 59.629629629629626 6
1781223243395 65.55555555555556 7
1781223248302 69.07407407407408 8
1781223254953 68.70370370370371 9
1781223259778 73.14814814814815 10
1781223265473 75.18518518518519 11
1781223270937 77.96296296296296 12
1781223275723 78.70370370370371 13
1781223282213 82.96296296296296 14
