1781223204911 2.176866321002736 0
1781223211332 2.0460945227566887 1
1781223216257 1.8666751209427328 2
1781223221022 1.6555924590896158 3
1781223227414 1.4879091346965116 4
1781223232210 1.335275783258326 5
1781223238275 1.1835372307721306 6
1781223243395 1.073467996190576 7
1781223248302 0.9912313170292798 8
1781223254953 0.9469550111714531 9
1781223259778 0.8614379991503323 10
1781223265473 0.8104486982612049 11
1781223270937 0.7374847925761167 12
1781223275723 0.733247797278797 13
1781223282213 0.6239038793479695 14
