1781222336468 31.48148148148148 0
1781222343106 46.111111111111114 1
1781222348198 51.48148148148148 2
1781222354000 60.18518518518518 3
1781222360063 60.74074074074074 4
1781222365412 66.48148148148148 5
1781222372222 70.92592592592592 6
1781222377273 75.0 7
1781222383884 72.03703703703704 8
1781222389038 76.29629629629629 9
1781222394339 79.44444444444444 10
1781222401015 83.51851851851852 11
1781222406117 79.62962962962963 12
1781222412788 81.29629629629629 13
1781222417945 81.11111111111111 14
1781222424005 85.37037037037037 15
1781222429920 89.25925925925925 16
1781222434981 87.77777777777777 17
1781222441855 90.0 18
1781222447027 90.37037037037037 19
1781222453565 91.85185185185185 20
1781222458769 90.0 21
1781222463825 91.11111111111111 22
1781222470572 93.33333333333333 23
1781222475670 94.25925925925925 24
1781222482572 94.81481481481481 25
1781222487744 96.48148148148148 26
1781222493537 95.55555555555556 27
1781222499718 96.11111111111111 28
1781222504916 98.88888888888889 29
