1781222336468 2.0869655048145965 0
1781222343106 1.6950888142866247 1
1781222348198 1.439506306367762 2
1781222354000 1.2301519127453076 3
1781222360063 1.1439004154766308 4
1781222365412 0.9768668448223787 5
1781222372222 0.8825972536030937 6
1781222377273 0.7860293177997365 7
1781222383884 0.7819750484298257 8
1781222389038 0.7029231453643126 9
1781222394339 0.7055604370201335 10
1781222401015 0.6142933316090528 11
1781222406117 0.5970131316605736 12
1781222412788 0.5734528180430917 13
1781222417945 0.5217353350975934 14
1781222424005 0.4757201075553894 15
1781222429920 0.4357261377222398 16
1781222434981 0.4201662873520571 17
1781222441855 0.34539591038928313 18
1781222447027 0.3594459531938328 19
1781222453565 0.3462238609790802 20
1781222458769 0.32624565064907074 21
1781222463825 0.34242058413870197 22
1781222470572 0.2472587376832962 23
1781222475670 0.22941163182258606 24
1781222482572 0.22871298386770136 25
1781222487744 0.20040099629584482 26
1781222493537 0.19558102155432983 27
1781222499718 0.18892657888286254 28
1781222504916 0.13122719044194503 29
