1781215124791 2.16009259223938 0
1781215130410 1.9744239484562593 1
1781215137314 1.7613519570406746 2
1781215142560 1.5932613330728866 3
1781215149565 1.5052077840356266 4
1781215154842 1.342166641179253 5
1781215161042 1.2553629033705767 6
1781215167182 1.1815975939526278 7
1781215172448 1.1130210722193998 8
1781215179467 1.0514700062134688 9
1781215184717 0.9808447746669545 10
1781215191771 0.9397036328035242 11
1781215197037 0.9037154562333051 12
1781215202446 0.8367284992161919 13
1781215209348 0.8127352244713727 14
1781215214575 0.7879773869233972 15
1781215221792 0.7125734967343947 16
1781215227064 0.727653443813324 17
1781215233188 0.695823543211993 18
1781215239305 0.6554199579884025 19
1781215244598 0.6430521852829877 20
1781215251788 0.5834426704575034 21
1781215256988 0.6100058275110581 22
1781215263855 0.6144941063488231 23
1781215269079 0.5647853770676781 24
