1781215124791 21.48148148148148 0
1781215130410 33.7037037037037 1
1781215137314 41.111111111111114 2
1781215142560 46.48148148148148 3
1781215149565 48.333333333333336 4
1781215154842 53.51851851851852 5
1781215161042 59.074074074074076 6
1781215167182 59.074074074074076 7
1781215172448 61.111111111111114 8
1781215179467 64.07407407407408 9
1781215184717 67.5925925925926 10
1781215191771 69.25925925925925 11
1781215197037 68.70370370370371 12
1781215202446 70.0 13
1781215209348 71.85185185185185 14
1781215214575 71.11111111111111 15
1781215221792 77.77777777777777 16
1781215227064 75.18518518518519 17
1781215233188 74.25925925925925 18
1781215239305 77.4074074074074 19
1781215244598 79.62962962962963 20
1781215251788 79.62962962962963 21
1781215256988 79.07407407407408 22
1781215263855 80.0 23
1781215269079 81.48148148148148 24
