1781214632014 12.592592592592593 0
1781214637300 17.59259259259259 1
1781214644462 23.51851851851852 2
1781214649813 28.14814814814815 3
1781214655927 32.77777777777778 4
1781214662073 33.148148148148145 5
1781214667211 37.03703703703704 6
1781214674546 42.592592592592595 7
1781214679876 40.74074074074074 8
1781214686740 42.77777777777778 9
1781214692363 46.48148148148148 10
1781214697852 48.148148148148145 11
1781214704932 50.18518518518518 12
1781214710234 50.0 13
1781214717361 53.148148148148145 14
1781214722779 52.407407407407405 15
1781214729428 52.03703703703704 16
1781214735523 56.48148148148148 17
1781214740910 61.48148148148148 18
1781214747906 61.111111111111114 19
1781214753011 65.18518518518519 20
1781214759863 65.37037037037037 21
1781214765210 66.29629629629629 22
1781214770591 67.96296296296296 23
1781214777331 70.0 24
1781214782483 70.37037037037037 25
1781214789304 71.85185185185185 26
1781214794529 72.4074074074074 27
1781214800399 71.48148148148148 28
1781214806786 72.5925925925926 29
