1781214632014 2.211517754723044 0
1781214637300 2.167734188192031 1
1781214644462 2.1453268387738396 2
1781214649813 2.100850890664493 3
1781214655927 2.0320846403346344 4
1781214662073 1.9763137663111967 5
1781214667211 1.8606199657215792 6
1781214674546 1.7462123842800366 7
1781214679876 1.685763436205247 8
1781214686740 1.5630429772769703 9
1781214692363 1.5362473235410803 10
1781214697852 1.4353114086038925 11
1781214704932 1.3814917732687557 12
1781214710234 1.3437855734544641 13
1781214717361 1.2792867632473217 14
1781214722779 1.2784515619277954 15
1781214729428 1.2068963611827177 16
1781214735523 1.1774484830744125 17
1781214740910 1.1347245433751274 18
1781214747906 1.0652776641004227 19
1781214753011 1.0253127252354342 20
1781214759863 0.99687300008886 21
1781214765210 0.9597011348780464 22
1781214770591 0.925446910016677 23
1781214777331 0.909357512698454 24
1781214782483 0.8676150476231295 25
1781214789304 0.8827590521644143 26
1781214794529 0.8061346411705017 27
1781214800399 0.8147822548361385 28
1781214806786 0.7787140169564415 29
