1781223965683 16.666666666666668 0
1781223970946 31.11111111111111 1
1781223977762 40.18518518518518 2
1781223982952 42.77777777777778 3
1781223988542 46.851851851851855 4
1781223994759 48.888888888888886 5
1781223999770 53.333333333333336 6
1781224006529 53.888888888888886 7
1781224011581 58.888888888888886 8
1781224017732 63.7037037037037 9
1781224023392 63.888888888888886 10
1781224028413 68.51851851851852 11
1781224035241 68.51851851851852 12
1781224040578 71.66666666666667 13
1781224047440 71.11111111111111 14
1781224052663 72.4074074074074 15
1781224058135 73.51851851851852 16
1781224064582 76.66666666666667 17
1781224069675 79.07407407407408 18
1781224076466 79.25925925925925 19
1781224081582 81.48148148148148 20
1781224087454 82.03703703703704 21
1781224093424 80.74074074074075 22
1781224098490 82.77777777777777 23
1781224105386 84.44444444444444 24
1781224110500 84.81481481481481 25
