1781223965683 2.176387246917276 0
1781223970946 2.010391484288608 1
1781223977762 1.812548058874467 2
1781223982952 1.6621069697772755 3
1781223988542 1.5253432883935816 4
1781223994759 1.4151942309211283 5
1781223999770 1.2804959661820356 6
1781224006529 1.2663166014587177 7
1781224011581 1.1986613834605497 8
1781224017732 1.114078271038392 9
1781224023392 1.0020587076159084 10
1781224028413 0.9798856921055737 11
1781224035241 0.9739551386412453 12
1781224040578 0.8924445387195138 13
1781224047440 0.8956595957279205 14
1781224052663 0.7992021169732598 15
1781224058135 0.8003658652305603 16
1781224064582 0.7771918756120345 17
1781224069675 0.7077518298345453 18
1781224076466 0.6561589188435498 19
1781224081582 0.6522820736555492 20
1781224087454 0.6349272692904753 21
1781224093424 0.5938128145302043 22
1781224098490 0.6039200688109678 23
1781224105386 0.5949497700614088 24
1781224110500 0.5330086771179648 25
