1781218303421 15.0 0
1781218309404 24.814814814814813 1
1781218314817 30.555555555555557 2
1781218321782 35.925925925925924 3
1781218327079 35.925925925925924 4
1781218334037 41.2962962962963 5
1781218339380 43.333333333333336 6
1781218345110 47.22222222222222 7
1781218351427 50.18518518518518 8
1781218356554 50.370370370370374 9
1781218363488 53.888888888888886 10
1781218368743 53.51851851851852 11
1781218374901 54.25925925925926 12
1781218380760 58.7037037037037 13
1781218385921 58.7037037037037 14
1781218392839 60.55555555555556 15
1781218398112 62.407407407407405 16
1781218405124 62.77777777777778 17
1781218410335 64.07407407407408 18
1781218415635 65.18518518518519 19
1781218422374 62.96296296296296 20
1781218427574 64.81481481481481 21
1781218434480 64.25925925925925 22
1781218439599 66.85185185185185 23
