1781218303421 2.179033966625438 0
1781218309404 2.054163322729223 1
1781218314817 1.8605353306321537 2
1781218321782 1.744525365969714 3
1781218327079 1.6281479912645676 4
1781218334037 1.5949578600771286 5
1781218339380 1.5296471189050114 6
1781218345110 1.377215325832367 7
1781218351427 1.3383823826032526 8
1781218356554 1.3108973993974573 9
1781218363488 1.3019120693206787 10
1781218368743 1.2565825949696934 11
1781218374901 1.1802390165188734 12
1781218380760 1.1382281219258028 13
1781218385921 1.1758711478289436 14
1781218392839 1.0965360078741522 15
1781218398112 1.0526120382196762 16
1781218405124 1.035253239028594 17
1781218410335 0.9933363497257233 18
1781218415635 1.0025681397494148 19
1781218422374 0.9478170521119061 20
1781218427574 0.9751183180248036 21
1781218434480 0.9482148245853537 22
1781218439599 0.9112921427277958 23
