1781216962924 2.189792338539572 0
1781216968620 2.106182799619787 1
1781216973399 2.022087679189794 2
1781216979785 1.914655005230623 3
1781216984505 1.8070736913120045 4
1781216989437 1.7228523212320663 5
1781216995726 1.594230806126314 6
1781217000548 1.5598014873616837 7
1781217006991 1.5067456680185654 8
1781217011810 1.4012148169910206 9
1781217016612 1.3765375053181368 10
1781217023224 1.2760516685598038 11
1781217028046 1.1967919433818144 12
1781217033739 1.1627798360936783 13
1781217039376 1.0996105039820951 14
1781217044114 1.074573260896346 15
1781217050537 0.9668007457957548 16
1781217055299 0.9730292944347158 17
1781217060556 0.9519095876637627 18
1781217066611 0.9227837990312016 19
1781217071451 0.8881126466919395 20
1781217077945 0.8672601545558256 21
1781217082716 0.7895564682343427 22
1781217087491 0.7867088668486651 23
1781217094188 0.7508259906488306 24
1781217099007 0.7481598258018494 25
1781217104542 0.7051562193562003 26
