1781216962924 14.444444444444445 0
1781216968620 22.59259259259259 1
1781216973399 29.25925925925926 2
1781216979785 32.592592592592595 3
1781216984505 37.96296296296296 4
1781216989437 40.0 5
1781216995726 40.74074074074074 6
1781217000548 43.7037037037037 7
1781217006991 44.074074074074076 8
1781217011810 47.96296296296296 9
1781217016612 49.25925925925926 10
1781217023224 51.851851851851855 11
1781217028046 55.55555555555556 12
1781217033739 58.888888888888886 13
1781217039376 62.407407407407405 14
1781217044114 62.77777777777778 15
1781217050537 62.96296296296296 16
1781217055299 63.148148148148145 17
1781217060556 65.74074074074075 18
1781217066611 65.37037037037037 19
1781217071451 69.44444444444444 20
1781217077945 73.14814814814815 21
1781217082716 74.07407407407408 22
1781217087491 72.03703703703704 23
1781217094188 75.37037037037037 24
1781217099007 73.70370370370371 25
1781217104542 77.77777777777777 26
