1781217849495 2.041376096360824 0
1781217854582 1.7130601476220524 1
1781217861077 1.6661758142359115 2
1781217866552 1.6069977949647343 3
1781217871606 1.4626377102206736 4
1781217878700 1.347566445084179 5
1781217883791 1.2736664081321043 6
1781217890379 1.2621154890340918 7
1781217895644 1.1931282685083502 8
1781217900632 1.1631724361111135 9
1781217907438 1.1126043077777414 10
1781217912547 1.141003766480614 11
1781217919057 1.1233791183022892 12
1781217924237 1.1419275104999542 13
1781217929245 0.9956338738693911 14
1781217936041 0.9962388750384835 15
1781217941177 0.951724244391217 16
1781217948005 0.8730401151320514 17
1781217953235 0.8851802182548186 18
1781217958631 0.8872295442749473 19
1781217965248 0.8043468804920421 20
1781217970493 0.8322729862788144 21
1781217977529 0.8183916062116623 22
1781217982693 0.8335287886507371 23
1781217988746 0.7681980106760474 24
