1781217849495 29.444444444444443 0
1781217854582 37.592592592592595 1
1781217861077 38.7037037037037 2
1781217866552 42.407407407407405 3
1781217871606 48.333333333333336 4
1781217878700 52.77777777777778 5
1781217883791 53.333333333333336 6
1781217890379 56.111111111111114 7
1781217895644 60.370370370370374 8
1781217900632 58.7037037037037 9
1781217907438 61.2962962962963 10
1781217912547 64.25925925925925 11
1781217919057 61.666666666666664 12
1781217924237 60.925925925925924 13
1781217929245 67.03703703703704 14
1781217936041 65.74074074074075 15
1781217941177 68.14814814814815 16
1781217948005 70.92592592592592 17
1781217953235 72.22222222222223 18
1781217958631 73.14814814814815 19
1781217965248 74.44444444444444 20
1781217970493 73.88888888888889 21
1781217977529 74.44444444444444 22
1781217982693 76.29629629629629 23
1781217988746 75.92592592592592 24
