1781214812501 2.205423817915075 0
1781214819285 2.152900878120871 1
1781214824258 2.1140403747558594 2
1781214830314 2.0436251794590667 3
1781214835698 1.9619219373254215 4
1781214840538 1.8712041307898128 5
1781214847133 1.7351696070502787 6
1781214852057 1.618179812150843 7
1781214857796 1.5627205161487354 8
1781214863604 1.4587061054566328 9
1781214868536 1.4061983543283798 10
1781214875205 1.281448013642255 11
1781214880052 1.252935199176564 12
1781214885597 1.19006445127375 13
1781214891750 1.1429416922961964 14
1781214896562 1.136882739908555 15
1781214903117 1.0365584352437187 16
1781214907948 1.0079022190150093 17
1781214912853 0.9559073237811818 18
1781214919683 0.8933916056857389 19
1781214924497 0.828330306445851 20
1781214930418 0.8375600330969867 21
1781214935859 0.7801085780648624 22
1781214940758 0.7508134456241832 23
