1781214812501 10.0 0
1781214819285 20.74074074074074 1
1781214824258 25.925925925925927 2
1781214830314 34.25925925925926 3
1781214835698 39.25925925925926 4
1781214840538 38.51851851851852 5
1781214847133 42.592592592592595 6
1781214852057 45.0 7
1781214857796 45.0 8
1781214863604 44.25925925925926 9
1781214868536 52.22222222222222 10
1781214875205 54.629629629629626 11
1781214880052 54.25925925925926 12
1781214885597 57.22222222222222 13
1781214891750 58.333333333333336 14
1781214896562 58.7037037037037 15
1781214903117 60.925925925925924 16
1781214907948 62.03703703703704 17
1781214912853 68.70370370370371 18
1781214919683 67.5925925925926 19
1781214924497 74.44444444444444 20
1781214930418 71.11111111111111 21
1781214935859 72.96296296296296 22
1781214940758 75.37037037037037 23
