1781224542722 35.74074074074074 0
1781224547631 46.48148148148148 1
1781224554181 49.81481481481482 2
1781224559042 56.851851851851855 3
1781224564558 58.148148148148145 4
1781224570733 65.0 5
1781224575616 63.7037037037037 6
1781224582263 70.18518518518519 7
1781224587186 69.44444444444444 8
1781224592075 76.29629629629629 9
1781224598607 78.14814814814815 10
1781224603584 81.11111111111111 11
1781224610109 82.4074074074074 12
1781224614973 88.14814814814815 13
1781224619847 85.0 14
1781224626422 87.03703703703704 15
1781224631431 88.14814814814815 16
