1781224542722 2.0212003062753117 0
1781224547631 1.6608045802396887 1
1781224554181 1.5160886259639965 2
1781224559042 1.3548169837278479 3
1781224564558 1.223852259271285 4
1781224570733 1.1159469625529121 5
1781224575616 1.1289233284838058 6
1781224582263 0.969188532408546 7
1781224587186 0.9013990058618433 8
1781224592075 0.7496595610590542 9
1781224598607 0.7262542896410998 10
1781224603584 0.6298605501651764 11
1781224610109 0.559326717082192 12
1781224614973 0.4949532396653119 13
1781224619847 0.5706773724626092 14
1781224626422 0.5302604787489947 15
1781224631431 0.5101153657716864 16
