1781218840900 2.1970096546060898 0
1781218847548 2.146937419386471 1
1781218852383 2.071924346334794 2
1781218857730 1.975974573808558 3
1781218863619 1.8563719707376816 4
1781218868344 1.7091574703945833 5
1781218874701 1.5366427162114311 6
1781218879481 1.3553656339645386 7
1781218884341 1.2385532400187325 8
1781218890841 1.0829291729366077 9
1781218895597 0.9416916458045735 10
1781218901034 0.859402770505232 11
1781218906754 0.7318656093934003 12
1781218911579 0.6584292062941719 13
1781218918107 0.5949483373585869 14
1781218922791 0.5473841665422216 15
1781218927545 0.4995945104781319 16
1781218934115 0.4218810985193533 17
1781218938854 0.3450108735876925 18
1781218945059 0.3091384496758966 19
1781218950159 0.2585183544193997 20
1781218954892 0.19892552122473717 21
