1781218840900 11.11111111111111 0
1781218847548 25.37037037037037 1
1781218852383 38.333333333333336 2
1781218857730 44.629629629629626 3
1781218863619 51.2962962962963 4
1781218868344 50.925925925925924 5
1781218874701 55.370370370370374 6
1781218879481 58.7037037037037 7
1781218884341 59.25925925925926 8
1781218890841 64.62962962962963 9
1781218895597 67.5925925925926 10
1781218901034 72.4074074074074 11
1781218906754 77.22222222222223 12
1781218911579 79.07407407407408 13
1781218918107 79.07407407407408 14
1781218922791 81.66666666666667 15
1781218927545 83.14814814814815 16
1781218934115 86.66666666666667 17
1781218938854 90.37037037037037 18
1781218945059 92.03703703703704 19
1781218950159 93.88888888888889 20
1781218954892 96.48148148148148 21
