1781218446132 2.1617841369965496 0
1781218451805 1.910576294450199 1
1781218456725 1.5791819305980908 2
1781218463323 1.4162926919320051 3
1781218468140 1.295831592643962 4
1781218473381 1.2293033705038183 5
1781218479581 1.1980390303275164 6
1781218484387 1.1391725207076353 7
1781218491043 1.0453868175254148 8
1781218495916 1.0255704241640426 9
1781218500690 1.0203687285675722 10
1781218507165 1.044781441197676 11
1781218511962 0.9841687723117716 12
1781218518194 0.9492595125647152 13
1781218523338 0.8834563108051524 14
1781218528084 0.9098735916263917 15
1781218534635 0.9472030743080027 16
1781218539377 0.8510241341941497 17
1781218544872 0.7941031596239876 18
1781218550878 0.7777989287586773 19
1781218555657 0.7206797669915592 20
1781218562089 0.6831515264861724 21
1781218566784 0.7161233118351769 22
1781218571470 0.7403436206719455 23
1781218578066 0.7062751869944965 24
1781218582822 0.6627873734516256 25
