1781218446132 19.814814814814813 0
1781218451805 37.22222222222222 1
1781218456725 41.851851851851855 2
1781218463323 45.925925925925924 3
1781218468140 51.851851851851855 4
1781218473381 53.148148148148145 5
1781218479581 52.77777777777778 6
1781218484387 56.851851851851855 7
1781218491043 59.44444444444444 8
1781218495916 61.2962962962963 9
1781218500690 64.07407407407408 10
1781218507165 58.888888888888886 11
1781218511962 61.2962962962963 12
1781218518194 63.51851851851852 13
1781218523338 65.74074074074075 14
1781218528084 64.25925925925925 15
1781218534635 60.55555555555556 16
1781218539377 70.0 17
1781218544872 68.88888888888889 18
1781218550878 70.92592592592592 19
1781218555657 72.03703703703704 20
1781218562089 73.70370370370371 21
1781218566784 71.29629629629629 22
1781218571470 70.55555555555556 23
1781218578066 72.22222222222223 24
1781218582822 77.22222222222223 25
