1781216301184 1.8899896986344282 0
1781216307575 1.4597815485561596 1
1781216312887 1.2973854261286117 2
1781216317812 1.1579228709725773 3
1781216324702 1.0035086765008814 4
1781216329623 1.04160295865115 5
1781216335612 0.9656612066661611 6
1781216341008 0.85575551145217 7
1781216345923 0.8091743974124684 8
1781216352458 0.7737395027104546 9
1781216357253 0.6255296381080852 10
1781216362341 0.8493024864617515 11
1781216368408 0.7538305556072908 12
1781216373112 0.6753282143789179 13
1781216379553 0.5495584870085997 14
1781216384298 0.585290756295709 15
