1781216301184 42.407407407407405 0
1781216307575 50.370370370370374 1
1781216312887 55.74074074074074 2
1781216317812 61.111111111111114 3
1781216324702 67.03703703703704 4
1781216329623 67.4074074074074 5
1781216335612 68.88888888888889 6
1781216341008 72.22222222222223 7
1781216345923 76.85185185185185 8
1781216352458 76.29629629629629 9
1781216357253 79.81481481481481 10
1781216362341 78.14814814814815 11
1781216368408 74.81481481481481 12
1781216373112 78.14814814814815 13
1781216379553 84.44444444444444 14
1781216384298 83.14814814814815 15
