1781223082263 2.1388209497227386 0
1781223088627 1.8132872160743265 1
1781223093798 1.5610920541426714 2
1781223100671 1.334123688585618 3
1781223106074 1.1296304183847763 4
1781223112696 0.98481287149822 5
1781223117994 0.8597601634614608 6
1781223123200 0.7323533357942805 7
1781223130121 0.6558988593957004 8
1781223135222 0.6262516011210049 9
1781223142034 0.5006362914162523 10
1781223147034 0.47704246464897604 11
1781223152443 0.4355918616056442 12
1781223158822 0.40385591852314334 13
1781223163851 0.2843664921820164 14
1781223170574 0.24122467154965682 15
1781223175685 0.2032022270209649 16
1781223181691 0.17573755201609695 17
1781223187502 0.17021732415784807 18
1781223192565 0.12604376071077936 19
1781223199313 0.13520194792791324 20
