1781223082263 26.85185185185185 0
1781223088627 41.666666666666664 1
1781223093798 50.74074074074074 2
1781223100671 57.77777777777778 3
1781223106074 65.55555555555556 4
1781223112696 70.0 5
1781223117994 72.77777777777777 6
1781223123200 80.37037037037037 7
1781223130121 81.66666666666667 8
1781223135222 82.77777777777777 9
1781223142034 89.25925925925925 10
1781223147034 89.07407407407408 11
1781223152443 90.74074074074075 12
1781223158822 92.03703703703704 13
1781223163851 96.48148148148148 14
1781223170574 96.66666666666667 15
1781223175685 98.33333333333333 16
1781223181691 97.77777777777777 17
1781223187502 98.33333333333333 18
1781223192565 99.25925925925925 19
1781223199313 98.88888888888889 20
