1781214275177 29.62962962962963 0
1781214281213 34.074074074074076 1
1781214286655 40.925925925925924 2
1781214291487 47.407407407407405 3
1781214298006 57.592592592592595 4
1781214302849 55.925925925925924 5
1781214310928 57.592592592592595 6
1781214316093 61.48148148148148 7
1781214321086 63.333333333333336 8
1781214327880 66.48148148148148 9
1781214332741 70.0 10
1781214338697 69.25925925925925 11
1781214344461 71.85185185185185 12
1781214349577 71.29629629629629 13
1781214356302 75.92592592592592 14
