1781214275177 2.076908791766447 0
1781214281213 1.7843019050710343 1
1781214286655 1.6678382508894976 2
1781214291487 1.5108327094246359 3
1781214298006 1.2960054032942827 4
1781214302849 1.2818361766198103 5
1781214310928 1.1708484958199894 6
1781214316093 1.1294664915870218 7
1781214321086 1.0473027895478642 8
1781214327880 0.8882809737149406 9
1781214332741 0.9679500215193805 10
1781214338697 0.9781538598677691 11
1781214344461 0.8841778671040255 12
1781214349577 0.8584249159869026 13
1781214356302 0.8001624906764311 14
