1781214361951 2.1120619072633633 0
1781214368327 1.864225429647109 1
1781214373864 1.605199883965885 2
1781214378924 1.353805331622853 3
1781214385916 1.181176515186534 4
1781214390923 1.0515616886755998 5
1781214396974 0.9226387318442849 6
1781214402793 0.8726318864261403 7
1781214407818 0.846178766559152 8
1781214414792 0.7568058266359217 9
1781214419853 0.6810031042379492 10
1781214426003 0.7147457459393669 11
1781214431720 0.6777204187477336 12
1781214436683 0.5858929876018973 13
1781214443455 0.5227466155500973 14
