1781214361951 31.296296296296298 0
1781214368327 42.96296296296296 1
1781214373864 51.666666666666664 2
1781214378924 58.148148148148145 3
1781214385916 65.18518518518519 4
1781214390923 66.66666666666667 5
1781214396974 71.29629629629629 6
1781214402793 73.70370370370371 7
1781214407818 72.4074074074074 8
1781214414792 77.5925925925926 9
1781214419853 80.55555555555556 10
1781214426003 78.14814814814815 11
1781214431720 78.88888888888889 12
1781214436683 83.51851851851852 13
1781214443455 85.37037037037037 14
