1781217995298 2.207664552856894 0
1781218000753 2.193932357956381 1
1781218007756 2.179561166202321 2
1781218012973 2.180623811833999 3
1781218019969 2.1612555770313038 4
1781218025263 2.1466458194396076 5
1781218031479 2.1428339270984424 6
1781218037781 2.1231169910991894 7
1781218043119 2.121559500694275 8
1781218050174 2.098857644726248 9
1781218055339 2.0839809880537143 10
1781218062344 2.059320758370792 11
1781218067680 2.0396035208421597 12
1781218073205 2.006058864733752 13
1781218079917 1.9933223233503454 14
1781218085191 1.960538674803341 15
