1781217995298 11.666666666666666 0
1781218000753 10.925925925925926 1
1781218007756 13.703703703703704 2
1781218012973 15.37037037037037 3
1781218019969 16.48148148148148 4
1781218025263 18.88888888888889 5
1781218031479 18.14814814814815 6
1781218037781 22.59259259259259 7
1781218043119 20.74074074074074 8
1781218050174 22.59259259259259 9
1781218055339 28.333333333333332 10
1781218062344 26.296296296296298 11
1781218067680 32.22222222222222 12
1781218073205 30.925925925925927 13
1781218079917 34.25925925925926 14
1781218085191 33.7037037037037 15
