1781219455818 30.185185185185187 0
1781219462525 40.74074074074074 1
1781219467632 47.22222222222222 2
1781219474502 52.77777777777778 3
1781219479705 57.96296296296296 4
1781219485833 55.74074074074074 5
1781219491898 58.148148148148145 6
1781219497105 62.407407407407405 7
1781219504019 55.370370370370374 8
1781219509169 64.62962962962963 9
1781219515709 67.77777777777777 10
1781219521263 62.03703703703704 11
1781219526298 68.51851851851852 12
1781219533106 71.29629629629629 13
1781219538159 71.66666666666667 14
1781219545001 76.48148148148148 15
1781219549929 75.0 16
1781219554993 76.66666666666667 17
1781219561699 76.85185185185185 18
1781219566694 78.14814814814815 19
