1781219455818 2.0877971859539257 0
1781219462525 1.6096339786753935 1
1781219467632 1.486527548116796 2
1781219474502 1.3644314723856308 3
1781219479705 1.1860572783386005 4
1781219485833 1.2518099528901718 5
1781219491898 1.1383370529202854 6
1781219497105 1.0404990350498873 7
1781219504019 1.1456869980868172 8
1781219509169 0.9686770342728671 9
1781219515709 0.9840549712671953 10
1781219521263 1.0308690763571684 11
1781219526298 0.8566112588433659 12
1781219533106 0.8565615047426784 13
1781219538159 0.864985589595402 14
1781219545001 0.8235606516108793 15
1781219549929 0.7350818414021941 16
1781219554993 0.7653530204997343 17
1781219561699 0.7056625844801173 18
1781219566694 0.7067356723196366 19
