1781220960493 2.052950077197131 0
1781220967397 1.6589803064570707 1
1781220972346 1.668064832687378 2
1781220978509 1.5508077460176803 3
1781220983996 1.4748042506330155 4
1781220988907 1.4406152174753302 5
1781220995494 1.3637816555359785 6
1781221000415 1.2552768973743214 7
1781221006052 1.1789226584574755 8
1781221011740 1.1560185569174148 9
1781221016502 1.120629014337764 10
1781221023009 1.0685896838412565 11
1781221027830 1.015257435686448 12
1781221032978 1.0425798174212961 13
1781221039353 0.898923833580578 14
