1781220960493 26.666666666666668 0
1781220967397 36.2962962962963 1
1781220972346 38.888888888888886 2
1781220978509 40.370370370370374 3
1781220983996 46.666666666666664 4
1781220988907 47.03703703703704 5
1781220995494 51.666666666666664 6
1781221000415 52.407407407407405 7
1781221006052 58.7037037037037 8
1781221011740 60.925925925925924 9
1781221016502 60.0 10
1781221023009 59.81481481481482 11
1781221027830 63.148148148148145 12
1781221032978 64.44444444444444 13
1781221039353 68.51851851851852 14
