1781215804396 2.1676798708298626 0
1781215810569 2.01235928254969 1
1781215815772 1.809812398517833 2
1781215822751 1.6082866612602682 3
1781215828037 1.4558250904083252 4
1781215834241 1.332610242507037 5
1781215839963 1.3054033097098856 6
1781215845207 1.2500576587284313 7
1781215852215 1.1576643095296972 8
1781215857568 1.1243421961279476 9
1781215864498 1.0388596724061405 10
1781215869647 1.037210092825048 11
1781215875230 0.9803215791197384 12
1781215881854 0.946223539464614 13
1781215887008 0.9008814587312586 14
1781215893887 0.8307775118771721 15
1781215898917 0.8291976311627556 16
1781215904945 0.8084089124903959 17
