1781215804396 26.296296296296298 0
1781215810569 35.18518518518518 1
1781215815772 42.22222222222222 2
1781215822751 45.74074074074074 3
1781215828037 50.925925925925924 4
1781215834241 54.629629629629626 5
1781215839963 52.592592592592595 6
1781215845207 56.666666666666664 7
1781215852215 62.03703703703704 8
1781215857568 59.44444444444444 9
1781215864498 65.18518518518519 10
1781215869647 63.333333333333336 11
1781215875230 65.37037037037037 12
1781215881854 68.51851851851852 13
1781215887008 68.33333333333333 14
1781215893887 74.07407407407408 15
1781215898917 73.14814814814815 16
1781215904945 74.81481481481481 17
