1781219138365 2.1713021082036636 0
1781219144289 1.820184893467847 1
1781219149993 1.7847264338942135 2
1781219154785 1.6453152088557972 3
1781219161503 1.5485238432884216 4
1781219166396 1.4803343187360203 5
1781219171683 1.3569181018015917 6
1781219177870 1.3755752496859606 7
1781219182756 1.371711352292229 8
1781219189508 1.1858821090529947 9
1781219194346 1.270421464653576 10
1781219199371 1.1835879797444624 11
1781219205796 1.149468686650781 12
1781219210580 1.1613631932174457 13
1781219217406 1.107824139735278 14
1781219222350 1.087545443983639 15
1781219227203 1.0449346356532152 16
1781219233752 0.9480325123843025 17
1781219238603 0.8756726463051403 18
1781219244722 0.9304472716415629 19
1781219250083 1.0019428668653263 20
1781219254931 0.9061590801267063 21
1781219261505 0.8495635968797347 22
1781219266318 0.9127379638307235 23
1781219271832 0.947530589559499 24
