1781219138365 27.59259259259259 0
1781219144289 33.888888888888886 1
1781219149993 34.074074074074076 2
1781219154785 42.96296296296296 3
1781219161503 46.666666666666664 4
1781219166396 49.44444444444444 5
1781219171683 54.81481481481482 6
1781219177870 51.666666666666664 7
1781219182756 52.96296296296296 8
1781219189508 56.2962962962963 9
1781219194346 55.74074074074074 10
1781219199371 56.666666666666664 11
1781219205796 61.111111111111114 12
1781219210580 61.666666666666664 13
1781219217406 60.55555555555556 14
1781219222350 62.407407407407405 15
1781219227203 62.03703703703704 16
1781219233752 64.62962962962963 17
1781219238603 68.51851851851852 18
1781219244722 70.92592592592592 19
1781219250083 66.48148148148148 20
1781219254931 71.48148148148148 21
1781219261505 70.0 22
1781219266318 70.18518518518519 23
1781219271832 69.25925925925925 24
