1781217409975 2.1992250751046574 0
1781217414829 2.187066540998571 1
1781217421415 2.159464289160336 2
1781217426425 2.1185427273021027 3
1781217431907 2.0804391503334045 4
1781217438037 2.023158304831561 5
1781217442876 1.9502159392132479 6
1781217449421 1.863357028540443 7
1781217454373 1.7913414625560535 8
1781217459283 1.6827887016184189 9
1781217465744 1.5949718461317175 10
1781217470508 1.5563849701600916 11
1781217477041 1.5054307544932646 12
1781217481854 1.4003831603947807 13
1781217486753 1.3756870171603035 14
1781217493430 1.3242638970122618 15
1781217498254 1.293148042524562 16
1781217504198 1.2381258852341597 17
1781217509870 1.1664054411299087 18
1781217514851 1.1258091470774483 19
1781217521557 1.1274486341897179 20
1781217526584 1.0311479954158558 21
1781217532607 0.995213105398066 22
1781217538062 0.9985841968480278 23
1781217542841 0.9661221101003534 24
1781217549540 0.8974126261823318 25
1781217554353 0.9082543709698845 26
1781217559660 0.8596883538891288 27
1781217565856 0.8397915275657878 28
1781217570720 0.8150816095225951 29
