1781217409975 11.481481481481481 0
1781217414829 16.48148148148148 1
1781217421415 20.0 2
1781217426425 22.40740740740741 3
1781217431907 24.62962962962963 4
1781217438037 30.37037037037037 5
1781217442876 31.296296296296298 6
1781217449421 39.81481481481482 7
1781217454373 35.55555555555556 8
1781217459283 41.2962962962963 9
1781217465744 39.81481481481482 10
1781217470508 42.407407407407405 11
1781217477041 46.666666666666664 12
1781217481854 47.03703703703704 13
1781217486753 45.0 14
1781217493430 50.925925925925924 15
1781217498254 50.74074074074074 16
1781217504198 56.111111111111114 17
1781217509870 52.96296296296296 18
1781217514851 59.074074074074076 19
1781217521557 57.407407407407405 20
1781217526584 61.111111111111114 21
1781217532607 63.148148148148145 22
1781217538062 63.333333333333336 23
1781217542841 64.44444444444444 24
1781217549540 63.888888888888886 25
1781217554353 66.85185185185185 26
1781217559660 68.14814814814815 27
1781217565856 70.92592592592592 28
1781217570720 68.88888888888889 29
