1781223693796 2.198021552141975 0
1781223700750 2.1868958122590008 1
1781223705944 2.1711999388302075 2
1781223712904 2.1570902782327988 3
1781223718160 2.1410473094267 4
1781223723731 2.1291961740044987 5
1781223730250 2.1121507181840786 6
1781223735606 2.0856294561834896 7
1781223742726 2.067825538270614 8
1781223747925 2.039256404427921 9
1781223754806 2.013837870429544 10
1781223760201 1.985749016789829 11
1781223765967 1.9602014457478243 12
1781223772350 1.9420449137687683 13
1781223777558 1.9137743395917557 14
