1781223693796 9.62962962962963 0
1781223700750 14.814814814814815 1
1781223705944 19.25925925925926 2
1781223712904 23.88888888888889 3
1781223718160 29.074074074074073 4
1781223723731 29.62962962962963 5
1781223730250 28.88888888888889 6
1781223735606 34.44444444444444 7
1781223742726 37.77777777777778 8
1781223747925 35.925925925925924 9
1781223754806 37.77777777777778 10
1781223760201 38.333333333333336 11
1781223765967 38.7037037037037 12
1781223772350 33.333333333333336 13
1781223777558 37.96296296296296 14
