1781218590474 11.296296296296296 0
1781218595686 26.11111111111111 1
1781218601494 33.148148148148145 2
1781218607783 37.96296296296296 3
1781218612894 40.0 4
1781218619712 38.7037037037037 5
1781218624907 43.148148148148145 6
1781218631135 47.592592592592595 7
1781218636742 49.25925925925926 8
1781218642010 50.0 9
1781218648794 53.333333333333336 10
1781218653884 57.77777777777778 11
1781218660587 56.111111111111114 12
1781218665723 57.407407407407405 13
1781218670954 60.55555555555556 14
1781218677822 62.96296296296296 15
1781218682855 64.81481481481481 16
1781218689639 62.22222222222222 17
1781218694779 63.148148148148145 18
1781218700693 67.5925925925926 19
1781218707029 65.55555555555556 20
1781218712055 65.37037037037037 21
1781218718847 63.7037037037037 22
1781218723906 63.51851851851852 23
1781218729982 68.88888888888889 24
1781218735920 72.22222222222223 25
1781218740984 68.70370370370371 26
1781218747768 70.37037037037037 27
1781218752783 71.11111111111111 28
