1781218590474 2.1960000921698177 0
1781218595686 2.160204943488626 1
1781218601494 2.103769898414612 2
1781218607783 2.0042793540393604 3
1781218612894 1.8906030970461227 4
1781218619712 1.7479849177248337 5
1781218624907 1.6204649876145756 6
1781218631135 1.5030618415159338 7
1781218636742 1.4582197631106657 8
1781218642010 1.3858558903722202 9
1781218648794 1.25409517919316 10
1781218653884 1.196998168440426 11
1781218660587 1.1753627394928652 12
1781218665723 1.16281077616355 13
1781218670954 1.0768397345262415 14
1781218677822 1.030960638733471 15
1781218682855 1.0283992518396938 16
1781218689639 0.9858892402228188 17
1781218694779 0.9815690920633429 18
1781218700693 0.9081717186114368 19
1781218707029 0.9540639309322133 20
1781218712055 0.9288460323039223 21
1781218718847 0.9705721700892729 22
1781218723906 0.9047494583270129 23
1781218729982 0.8598115566898795 24
1781218735920 0.8380838211844949 25
1781218740984 0.8109644809189964 26
1781218747768 0.7418491393327713 27
1781218752783 0.8070251643657684 28
