1781218962518 2.211663428474875 0
1781218967667 2.2029018542345833 1
1781218974649 2.2027356063618377 2
1781218979772 2.1946144384496353 3
1781218985221 2.1883389108321247 4
1781218991842 2.1953454718870273 5
1781218997198 2.1807813083424286 6
1781219004251 2.177224467782413 7
1781219009481 2.1867440307841584 8
1781219015486 2.182824836057775 9
1781219021444 2.173155574237599 10
1781219026534 2.160060489878935 11
1781219033732 2.1528061277726116 12
1781219038883 2.1575996034285603 13
1781219045489 2.146775119444903 14
1781219050841 2.1577006508322323 15
1781219055908 2.1461664929109463 16
1781219062839 2.146726538153256 17
1781219067999 2.1378244091482723 18
1781219074931 2.1324993161594166 19
1781219080013 2.1263853942646698 20
1781219085249 2.119220130583819 21
1781219091840 2.117044547024895 22
1781219096960 2.108381046968348 23
1781219103723 2.1037872118108414 24
1781219108818 2.095297504873837 25
1781219114397 2.0998507808236515 26
1781219120710 2.095932399525362 27
1781219125917 2.0769465250127457 28
1781219132766 2.0747162173776066 29
