1781218962518 9.814814814814815 0
1781218967667 10.185185185185185 1
1781218974649 8.88888888888889 2
1781218979772 12.592592592592593 3
1781218985221 15.0 4
1781218991842 12.037037037037036 5
1781218997198 13.518518518518519 6
1781219004251 13.703703703703704 7
1781219009481 16.48148148148148 8
1781219015486 15.555555555555555 9
1781219021444 17.037037037037038 10
1781219026534 18.51851851851852 11
1781219033732 20.74074074074074 12
1781219038883 18.51851851851852 13
1781219045489 19.62962962962963 14
1781219050841 20.555555555555557 15
1781219055908 22.77777777777778 16
1781219062839 23.14814814814815 17
1781219067999 25.925925925925927 18
1781219074931 24.074074074074073 19
1781219080013 25.0 20
1781219085249 21.48148148148148 21
1781219091840 27.037037037037038 22
1781219096960 27.40740740740741 23
1781219103723 28.333333333333332 24
1781219108818 29.814814814814813 25
1781219114397 29.074074074074073 26
1781219120710 30.74074074074074 27
1781219125917 30.0 28
1781219132766 30.555555555555557 29
