1781223288112 2.099886087810292 0
1781223294949 1.7342861715485067 1
1781223300156 1.5944019100245308 2
1781223305461 1.4079660457723282 3
1781223312086 1.284476118929246 4
1781223317265 1.2312867641448975 5
1781223324041 1.1296771326485802 6
1781223329390 1.0278281341580784 7
1781223335518 1.0682096604038687 8
1781223341332 0.9419185659464668 9
1781223346524 0.9239698104998645 10
1781223353301 0.8157866465694764 11
1781223358413 0.8248080181724885 12
1781223365194 0.7582107484340668 13
1781223370389 0.7749794283333946 14
1781223375829 0.7205106037504533 15
1781223382206 0.6782835897277383 16
1781223387268 0.6372098922729492 17
1781223393948 0.6652959611485986 18
