1781223288112 26.296296296296298 0
1781223294949 39.44444444444444 1
1781223300156 48.51851851851852 2
1781223305461 52.77777777777778 3
1781223312086 54.81481481481482 4
1781223317265 57.22222222222222 5
1781223324041 61.111111111111114 6
1781223329390 65.55555555555556 7
1781223335518 65.18518518518519 8
1781223341332 66.11111111111111 9
1781223346524 68.70370370370371 10
1781223353301 72.22222222222223 11
1781223358413 72.03703703703704 12
1781223365194 76.11111111111111 13
1781223370389 75.0 14
1781223375829 76.29629629629629 15
1781223382206 78.88888888888889 16
1781223387268 81.29629629629629 17
1781223393948 79.25925925925925 18
