1781225740983 13.703703703703704 0
1781225746178 18.333333333333332 1
1781225753040 24.074074074074073 2
1781225758214 28.88888888888889 3
1781225764562 35.370370370370374 4
1781225769841 37.77777777777778 5
1781225774939 39.44444444444444 6
1781225781788 38.888888888888886 7
1781225787003 40.0 8
1781225793671 45.0 9
1781225798772 43.888888888888886 10
1781225804101 47.592592592592595 11
1781225810619 49.629629629629626 12
1781225815914 52.03703703703704 13
1781225822599 54.629629629629626 14
1781225827633 55.55555555555556 15
1781225833590 57.22222222222222 16
1781225839509 59.074074074074076 17
1781225844737 62.03703703703704 18
1781225851450 61.851851851851855 19
1781225856644 60.18518518518518 20
1781225862968 62.592592592592595 21
1781225868434 65.55555555555556 22
1781225873565 62.407407407407405 23
1781225880506 64.62962962962963 24
