1781225740983 2.19493208212011 0
1781225746178 2.142117878969978 1
1781225753040 2.069582125719856 2
1781225758214 1.986533017719493 3
1781225764562 1.8615872579462387 4
1781225769841 1.7456882560954374 5
1781225774939 1.6453806582619162 6
1781225781788 1.5852429025313433 7
1781225787003 1.5073180128546322 8
1781225793671 1.4247067044763004 9
1781225798772 1.4236666735480814 10
1781225804101 1.3502035351360546 11
1781225810619 1.2860872254652136 12
1781225815914 1.2918525583603804 13
1781225822599 1.1867397637928234 14
1781225827633 1.1938560289495133 15
1781225833590 1.127612811677596 16
1781225839509 1.1091447332326103 17
1781225844737 1.0912731289863586 18
1781225851450 1.0129392497679766 19
1781225856644 1.0344670975909513 20
1781225862968 1.0007669890628141 21
1781225868434 0.9308540715890772 22
1781225873565 0.9263137298471787 23
1781225880506 0.9273379795691546 24
