1781224250124 14.25925925925926 0
1781224256109 20.185185185185187 1
1781224261532 32.22222222222222 2
1781224266550 36.851851851851855 3
1781224273066 42.407407407407405 4
1781224277886 43.148148148148145 5
1781224283633 48.148148148148145 6
1781224289295 53.148148148148145 7
1781224294105 55.925925925925924 8
1781224300594 57.77777777777778 9
1781224305418 61.851851851851855 10
1781224311066 64.07407407407408 11
1781224316930 69.25925925925925 12
1781224321887 68.14814814814815 13
1781224328409 68.33333333333333 14
1781224333399 71.85185185185185 15
1781224338733 70.55555555555556 16
1781224344832 76.48148148148148 17
1781224349985 78.33333333333333 18
1781224356764 78.88888888888889 19
