1781224250124 2.1936372027677646 0
1781224256109 2.1410429267322315 1
1781224261532 2.0477812185006985 2
1781224266550 1.9307678236680872 3
1781224273066 1.7919220819192774 4
1781224277886 1.6507654680925257 5
1781224283633 1.4907271721783806 6
1781224289295 1.361134343287524 7
1781224294105 1.258974701166153 8
1781224300594 1.206721998312894 9
1781224305418 1.0539616924874924 10
1781224311066 1.0344496790100546 11
1781224316930 0.9370896623415106 12
1781224321887 0.8748686576590818 13
1781224328409 0.8686100630199208 14
1781224333399 0.8145976978189805 15
1781224338733 0.717223626725814 16
1781224344832 0.7228462319163715 17
1781224349985 0.6346861273050308 18
1781224356764 0.6142095520215876 19
