1781215911316 22.40740740740741 0
1781215916582 35.18518518518518 1
1781215923739 40.0 2
1781215928935 45.18518518518518 3
1781215936017 46.851851851851855 4
1781215941260 49.629629629629626 5
1781215947157 49.629629629629626 6
1781215953542 54.81481481481482 7
1781215958877 57.22222222222222 8
1781215965979 62.03703703703704 9
1781215971317 62.22222222222222 10
1781215977837 62.22222222222222 11
1781215983389 67.22222222222223 12
1781215988527 65.0 13
1781215995411 69.81481481481481 14
1781216000495 69.07407407407408 15
1781216007231 64.81481481481481 16
1781216012436 69.07407407407408 17
