1781215911316 2.17587673664093 0
1781215916582 1.985047021332909 1
1781215923739 1.7564748069819283 2
1781215928935 1.5842663821052103 3
1781215936017 1.5168637843693005 4
1781215941260 1.428456054014318 5
1781215947157 1.335897610468023 6
1781215953542 1.2768896116929895 7
1781215958877 1.2276413966627682 8
1781215965979 1.1551901294904596 9
1781215971317 1.0600871583994698 10
1781215977837 1.1079713597017176 11
1781215983389 1.0299240964300491 12
1781215988527 1.00171017296174 13
1781215995411 0.9454429763204911 14
1781216000495 0.888151128502453 15
1781216007231 0.9731833943549324 16
1781216012436 0.8729996611090267 17
