1781216688082 23.703703703703702 0
1781216694914 37.22222222222222 1
1781216699802 42.96296296296296 2
1781216705287 47.96296296296296 3
1781216711434 47.22222222222222 4
1781216716335 49.44444444444444 5
1781216723026 53.333333333333336 6
1781216728028 59.25925925925926 7
1781216733071 56.2962962962963 8
1781216739466 60.55555555555556 9
1781216744336 62.03703703703704 10
1781216751158 65.37037037037037 11
1781216756000 62.77777777777778 12
1781216760850 66.66666666666667 13
1781216767616 67.03703703703704 14
1781216772494 68.33333333333333 15
1781216778965 70.92592592592592 16
1781216784305 69.44444444444444 17
1781216789263 73.88888888888889 18
1781216795973 75.74074074074075 19
1781216800810 73.88888888888889 20
1781216806665 74.62962962962963 21
1781216812317 75.37037037037037 22
1781216817150 77.77777777777777 23
