1781216688082 2.145933326552896 0
1781216694914 1.7661462881985832 1
1781216699802 1.581060388508965 2
1781216705287 1.4469753994661219 3
1781216711434 1.3342899767791523 4
1781216716335 1.2585229260080002 5
1781216723026 1.18722264381016 6
1781216728028 1.0571142960997189 7
1781216733071 1.0842151887276594 8
1781216739466 1.0193968143533259 9
1781216744336 0.9836365545497221 10
1781216751158 0.9503999159616583 11
1781216756000 0.969835704740356 12
1781216760850 0.9234874879612642 13
1781216767616 0.8854256517746869 14
1781216772494 0.8175855471807367 15
1781216778965 0.8246569800026277 16
1781216784305 0.7554417471675312 17
1781216789263 0.6817443738965427 18
1781216795973 0.6978145750129924 19
1781216800810 0.698115769554587 20
1781216806665 0.6654098805259255 21
1781216812317 0.6621070591842427 22
1781216817150 0.6063456289908465 23
