1781221515456 15.37037037037037 0
1781221522575 20.74074074074074 1
1781221527713 28.88888888888889 2
1781221534483 32.77777777777778 3
1781221539715 35.370370370370374 4
1781221545208 40.55555555555556 5
1781221551955 43.333333333333336 6
1781221557102 48.7037037037037 7
1781221564188 49.629629629629626 8
1781221569316 48.7037037037037 9
1781221575262 54.25925925925926 10
1781221581408 50.370370370370374 11
1781221586607 52.96296296296296 12
1781221593503 57.77777777777778 13
1781221598745 56.111111111111114 14
1781221605114 58.333333333333336 15
1781221610641 60.370370370370374 16
1781221615710 59.629629629629626 17
1781221622775 58.148148148148145 18
1781221627876 60.55555555555556 19
1781221634659 61.2962962962963 20
1781221639748 61.851851851851855 21
1781221645062 64.62962962962963 22
