1781221515456 2.2017390096888825 0
1781221522575 2.057094496839187 1
1781221527713 1.9398165906176847 2
1781221534483 1.8777579279506909 3
1781221539715 1.7487722144407385 4
1781221545208 1.6920838636510513 5
1781221551955 1.5963035401176005 6
1781221557102 1.4719968297902275 7
1781221564188 1.4446437393917757 8
1781221569316 1.3691293527098263 9
1781221575262 1.3488637997823603 10
1781221581408 1.3365309729295618 11
1781221586607 1.2978479704436134 12
1781221593503 1.2229515612125397 13
1781221598745 1.2482365247081308 14
1781221605114 1.1847540043732698 15
1781221610641 1.1535112139056711 16
1781221615710 1.096651266602909 17
1781221622775 1.1189779165913076 18
1781221627876 1.0952615878161263 19
1781221634659 1.001797888208838 20
1781221639748 1.0264227653250975 21
1781221645062 1.0408394757439108 22
