1781224362838 16.666666666666668 0
1781224369844 25.555555555555557 1
1781224375042 28.333333333333332 2
1781224380627 34.629629629629626 3
1781224387380 35.370370370370374 4
1781224392715 39.25925925925926 5
1781224399907 37.592592592592595 6
1781224405382 41.2962962962963 7
1781224412740 39.81481481481482 8
1781224418045 44.629629629629626 9
1781224423724 48.51851851851852 10
1781224430288 46.48148148148148 11
1781224435546 48.333333333333336 12
1781224442543 50.925925925925924 13
1781224447684 50.18518518518518 14
1781224453993 50.925925925925924 15
1781224459679 53.51851851851852 16
1781224464860 53.888888888888886 17
1781224471831 58.333333333333336 18
1781224476975 60.925925925925924 19
1781224483777 59.074074074074076 20
1781224489033 57.03703703703704 21
1781224494964 56.2962962962963 22
1781224501057 59.074074074074076 23
1781224506123 63.51851851851852 24
1781224513120 62.03703703703704 25
1781224518343 60.0 26
1781224525168 63.888888888888886 27
1781224530612 65.0 28
1781224535754 60.55555555555556 29
