1781224362838 2.247416773263146 0
1781224369844 1.97850461917765 1
1781224375042 1.9428533420843237 2
1781224380627 1.7445264423594755 3
1781224387380 1.7228004371418673 4
1781224392715 1.6657699486788582 5
1781224399907 1.6324042011709774 6
1781224405382 1.6421684587703032 7
1781224412740 1.5764740249689888 8
1781224418045 1.4939052690477932 9
1781224423724 1.3834646870108211 10
1781224430288 1.4280011829207926 11
1781224435546 1.4056580855565912 12
1781224442543 1.3741722212118261 13
1781224447684 1.2480866646065432 14
1781224453993 1.2697693390004776 15
1781224459679 1.2578720730893753 16
1781224464860 1.2290835661046646 17
1781224471831 1.1715576859081493 18
1781224476975 1.1528923879651463 19
1781224483777 1.1410135924816132 20
1781224489033 1.1338492579319899 21
1781224494964 1.0955977387288038 22
1781224501057 1.110441686475978 23
1781224506123 1.0654240811572355 24
1781224513120 1.0473093109972336 25
1781224518343 1.0781371067552006 26
1781224525168 1.022659512127147 27
1781224530612 0.9887923387920156 28
1781224535754 1.0159783363342285 29
