1781223535277 2.2010120083304012 0
1781223539850 2.1929585933685303 1
1781223546117 2.1895848162033977 2
1781223550846 2.1805143777061913 3
1781223555502 2.161390655180987 4
1781223561966 2.164069414138794 5
1781223566615 2.1473480953889736 6
1781223572125 2.138968958574183 7
1781223577412 2.1325754277846394 8
1781223582164 2.117763210745419 9
1781223588450 2.1195854719947365 10
1781223593176 2.104026289547191 11
1781223597911 2.087650677737068 12
1781223603914 2.0843655221602497 13
1781223608488 2.072162389755249 14
1781223614376 2.0657451713786408 15
1781223619451 2.045402723200181 16
1781223624132 2.044754189603469 17
1781223630396 2.025069096509148 18
1781223634967 2.0133676528930664 19
1781223639700 2.008705272394068 20
1781223645760 1.9919642700868494 21
1781223650513 1.9817622339024263 22
1781223656360 1.969657350988949 23
1781223661245 1.962678397403044 24
1781223665852 1.9478799315059887 25
1781223672014 1.9399342957664938 26
1781223676627 1.9244828925413244 27
1781223681912 1.9064019567826216 28
1781223687774 1.8929710037568037 29
