1781223535277 11.11111111111111 0
1781223539850 8.88888888888889 1
1781223546117 10.925925925925926 2
1781223550846 15.925925925925926 3
1781223555502 17.77777777777778 4
1781223561966 16.85185185185185 5
1781223566615 21.48148148148148 6
1781223572125 23.14814814814815 7
1781223577412 23.88888888888889 8
1781223582164 24.444444444444443 9
1781223588450 29.074074074074073 10
1781223593176 31.666666666666668 11
1781223597911 33.148148148148145 12
1781223603914 30.925925925925927 13
1781223608488 34.81481481481482 14
1781223614376 33.7037037037037 15
1781223619451 37.22222222222222 16
1781223624132 35.74074074074074 17
1781223630396 38.7037037037037 18
1781223634967 39.44444444444444 19
1781223639700 39.629629629629626 20
1781223645760 39.074074074074076 21
1781223650513 41.2962962962963 22
1781223656360 42.03703703703704 23
1781223661245 39.81481481481482 24
1781223665852 43.51851851851852 25
1781223672014 42.592592592592595 26
1781223676627 43.7037037037037 27
1781223681912 44.44444444444444 28
1781223687774 45.74074074074074 29
