1781216163635 2.1950095471213844 0
1781216168777 2.141459773568546 1
1781216173654 2.0536831231678234 2
1781216180228 1.9496134694884806 3
1781216185265 1.8173961499158073 4
1781216191304 1.6702083419351017 5
1781216196778 1.5123389503535103 6
1781216201708 1.3918134394813986 7
1781216208614 1.3101059391218073 8
1781216213588 1.1870951599934523 9
1781216219676 1.0611669017988092 10
1781216225430 1.0183290050310247 11
1781216230278 0.9733847590053782 12
1781216237463 0.8780800805372351 13
1781216242619 0.8563771843910217 14
1781216249202 0.813705654705272 15
1781216254811 0.7181906051495496 16
1781216259916 0.7118064428077024 17
1781216266717 0.6362297885558185 18
1781216271745 0.646993966663585 19
1781216277692 0.5989988305989433 20
1781216283633 0.6354292841518626 21
1781216288600 0.6575802468201694 22
1781216295549 0.6652140012558769 23
