1781216163635 14.25925925925926 0
1781216168777 22.22222222222222 1
1781216173654 33.888888888888886 2
1781216180228 39.25925925925926 3
1781216185265 40.18518518518518 4
1781216191304 44.074074074074076 5
1781216196778 45.18518518518518 6
1781216201708 50.370370370370374 7
1781216208614 54.81481481481482 8
1781216213588 57.77777777777778 9
1781216219676 61.666666666666664 10
1781216225430 64.81481481481481 11
1781216230278 66.11111111111111 12
1781216237463 68.51851851851852 13
1781216242619 69.62962962962963 14
1781216249202 70.74074074074075 15
1781216254811 73.88888888888889 16
1781216259916 76.48148148148148 17
1781216266717 77.4074074074074 18
1781216271745 76.85185185185185 19
1781216277692 80.18518518518519 20
1781216283633 79.07407407407408 21
1781216288600 80.74074074074075 22
1781216295549 77.77777777777777 23
