1781216018641 10.555555555555555 0
1781216024939 11.11111111111111 1
1781216030122 11.851851851851851 2
1781216036941 10.74074074074074 3
1781216042093 14.62962962962963 4
1781216047922 13.148148148148149 5
1781216053934 16.48148148148148 6
1781216058977 16.666666666666668 7
1781216065789 18.51851851851852 8
1781216070926 20.37037037037037 9
1781216076944 20.0 10
1781216082570 25.0 11
1781216087584 22.77777777777778 12
1781216094311 18.88888888888889 13
1781216099324 25.74074074074074 14
1781216105293 21.666666666666668 15
1781216111137 24.074074074074073 16
1781216116131 27.037037037037038 17
1781216123024 28.88888888888889 18
1781216128020 26.48148148148148 19
1781216134153 29.814814814814813 20
1781216139685 30.74074074074074 21
1781216144668 27.40740740740741 22
1781216151443 29.444444444444443 23
1781216156449 32.592592592592595 24
