1781216018641 2.2077969663283405 0
1781216024939 2.204295144361608 1
1781216030122 2.2003325434292065 2
1781216036941 2.1932374589583454 3
1781216042093 2.187590907601749 4
1781216047922 2.194702555151547 5
1781216053934 2.1778573569129493 6
1781216058977 2.1736080366022446 7
1781216065789 2.173160903594073 8
1781216070926 2.1658296164344337 9
1781216076944 2.1703486723058365 10
1781216082570 2.156773735495175 11
1781216087584 2.1550731238196876 12
1781216094311 2.1510828102336212 13
1781216099324 2.149568613837747 14
1781216105293 2.141954365898581 15
1781216111137 2.135653860428754 16
1781216116131 2.130852895624497 17
1781216123024 2.1207548029282512 18
1781216128020 2.1222942857181324 19
1781216134153 2.1143638807184555 20
1781216139685 2.1031645045560947 21
1781216144668 2.104230389875524 22
1781216151443 2.0884338547201717 23
1781216156449 2.0853268258711872 24
