1781217111208 2.094577729701996 0
1781217116492 1.7822716551668503 1
1781217123560 1.615713357925415 2
1781217128869 1.4672004159759073 3
1781217135864 1.307048688916599 4
1781217141126 1.2143500938135035 5
1781217146726 1.1448133535244887 6
1781217153503 1.029483889832216 7
1781217158724 1.0866380912416123 8
1781217165773 0.9639885898898629 9
1781217170968 0.9877738181282493 10
1781217177335 0.8196500829037499 11
1781217183111 0.8655369150287965 12
1781217188211 0.7806443019824869 13
1781217195067 0.8102359052966622 14
1781217200188 0.7959922306677875 15
1781217207259 0.6760194713578505 16
1781217212509 0.6363095807678559 17
1781217218326 0.6927540126968833 18
1781217224992 0.6481353754506392 19
1781217230077 0.5985887602848166 20
1781217236974 0.5709031311904683 21
1781217242100 0.5343967750668526 22
