1781217111208 26.666666666666668 0
1781217116492 37.96296296296296 1
1781217123560 43.333333333333336 2
1781217128869 52.03703703703704 3
1781217135864 56.851851851851855 4
1781217141126 58.888888888888886 5
1781217146726 62.407407407407405 6
1781217153503 64.25925925925925 7
1781217158724 63.7037037037037 8
1781217165773 66.66666666666667 9
1781217170968 67.77777777777777 10
1781217177335 71.85185185185185 11
1781217183111 71.29629629629629 12
1781217188211 74.81481481481481 13
1781217195067 71.48148148148148 14
1781217200188 71.85185185185185 15
1781217207259 80.37037037037037 16
1781217212509 78.88888888888889 17
1781217218326 78.51851851851852 18
1781217224992 81.48148148148148 19
1781217230077 80.55555555555556 20
1781217236974 81.66666666666667 21
1781217242100 83.33333333333333 22
