1781222780664 2.184494270997889 0
1781222785932 2.0697402673609115 1
1781222792851 1.9160657630247229 2
1781222798008 1.7034322163637947 3
1781222804099 1.5331899278304155 4
1781222810231 1.467635989189148 5
1781222815363 1.3611964127596687 6
1781222822251 1.315978499019847 7
1781222827324 1.2857159516390633 8
1781222833988 1.1673026084899902 9
1781222839082 1.1380189797457527 10
1781222844543 1.1215773996184855 11
1781222851084 1.0138978081590988 12
1781222856330 1.0110369780484367 13
1781222863056 0.9947165881886202 14
1781222868042 0.9680649077191072 15
1781222874040 0.9028415259192971 16
1781222879670 0.9179069154402789 17
1781222884852 0.8807003883754506 18
