1781222780664 19.814814814814813 0
1781222785932 29.25925925925926 1
1781222792851 30.74074074074074 2
1781222798008 40.0 3
1781222804099 43.888888888888886 4
1781222810231 48.7037037037037 5
1781222815363 49.629629629629626 6
1781222822251 51.111111111111114 7
1781222827324 52.407407407407405 8
1781222833988 59.81481481481482 9
1781222839082 58.7037037037037 10
1781222844543 59.44444444444444 11
1781222851084 62.592592592592595 12
1781222856330 64.62962962962963 13
1781222863056 63.51851851851852 14
1781222868042 65.92592592592592 15
1781222874040 67.96296296296296 16
1781222879670 67.22222222222223 17
1781222884852 70.37037037037037 18
