1781225175705 2.0377394977737877 0
1781225180879 1.666774150203256 1
1781225187331 1.5711442267193514 2
1781225192188 1.4392150605426115 3
1781225198723 1.2760220993967617 4
1781225203613 1.23667113570606 5
1781225208485 1.1988086963401121 6
1781225215096 1.0517003588816698 7
1781225220250 1.1552308552405413 8
1781225226780 0.9909466838135439 9
1781225231589 1.0414103129330803 10
1781225236576 0.9941952561630922 11
1781225243218 0.9025276881806991 12
1781225248084 0.9115259314284605 13
1781225254686 0.925956468371784 14
1781225259578 0.7921135732356239 15
1781225264520 0.7954575971645468 16
1781225271098 0.769574968253865 17
1781225275997 0.8472883999347687 18
1781225282626 0.7907287750174018 19
1781225287646 0.7168758967343498 20
1781225292814 0.7587353902704576 21
1781225299397 0.6584724266739452 22
1781225304347 0.6810052280916887 23
1781225310948 0.625736943062614 24
1781225315811 0.67008318269954 25
1781225320636 0.6643398474244511 26
