1781225175705 33.148148148148145 0
1781225180879 39.81481481481482 1
1781225187331 41.48148148148148 2
1781225192188 47.592592592592595 3
1781225198723 53.7037037037037 4
1781225203613 51.48148148148148 5
1781225208485 57.03703703703704 6
1781225215096 61.2962962962963 7
1781225220250 58.7037037037037 8
1781225226780 65.74074074074075 9
1781225231589 65.55555555555556 10
1781225236576 65.18518518518519 11
1781225243218 68.14814814814815 12
1781225248084 68.33333333333333 13
1781225254686 69.62962962962963 14
1781225259578 73.33333333333333 15
1781225264520 71.29629629629629 16
1781225271098 73.88888888888889 17
1781225275997 70.55555555555556 18
1781225282626 72.96296296296296 19
1781225287646 74.44444444444444 20
1781225292814 73.70370370370371 21
1781225299397 75.0 22
1781225304347 77.22222222222223 23
1781225310948 76.66666666666667 24
1781225315811 77.4074074074074 25
1781225320636 79.07407407407408 26
