1781215275872 2.1554068397073185 0
1781215282047 1.899967305800494 1
1781215287126 1.8081335320192224 2
1781215293990 1.6866205439848059 3
1781215299118 1.6006283128962797 4
1781215305316 1.487725440193625 5
1781215311162 1.476389905985664 6
1781215316272 1.380311229649712 7
1781215323160 1.2982325273401596 8
1781215328204 1.2371891035753138 9
1781215334881 1.0869089435128605 10
1781215340092 1.1607999801635742 11
1781215345395 1.0478919499060686 12
1781215352335 1.0469110643162447 13
1781215357389 0.9873346966855666 14
1781215364167 0.964248471400317 15
1781215369226 0.8836184424512527 16
1781215374841 0.8139882122769075 17
1781215381073 0.8995835483074188 18
