1781215275872 26.48148148148148 0
1781215282047 30.0 1
1781215287126 32.77777777777778 2
1781215293990 37.77777777777778 3
1781215299118 43.51851851851852 4
1781215305316 45.55555555555556 5
1781215311162 46.111111111111114 6
1781215316272 51.666666666666664 7
1781215323160 55.74074074074074 8
1781215328204 58.333333333333336 9
1781215334881 61.851851851851855 10
1781215340092 62.407407407407405 11
1781215345395 63.148148148148145 12
1781215352335 62.96296296296296 13
1781215357389 66.29629629629629 14
1781215364167 67.96296296296296 15
1781215369226 70.18518518518519 16
1781215374841 70.55555555555556 17
1781215381073 69.25925925925925 18
