1781225886503 2.2073517476811126 0
1781225893649 2.1951757669448853 1
1781225898815 2.190995630095987 2
1781225905411 2.183922795688405 3
1781225911127 2.182070760165944 4
1781225916323 2.176360649221084 5
1781225923296 2.166251540184021 6
1781225928480 2.165109262746923 7
1781225935482 2.1597948354833267 8
1781225940587 2.1556443046121037 9
1781225946273 2.139337841202231 10
1781225952746 2.1317012941136078 11
1781225957968 2.1310365270165836 12
1781225965087 2.119260591619155 13
1781225970378 2.108452383209677 14
1781225976613 2.0962775034063004 15
1781225982218 2.0834488763528713 16
1781225987306 2.087719100363114 17
