1781225886503 11.666666666666666 0
1781225893649 11.481481481481481 1
1781225898815 12.592592592592593 2
1781225905411 16.85185185185185 3
1781225911127 16.85185185185185 4
1781225916323 17.037037037037038 5
1781225923296 19.62962962962963 6
1781225928480 20.0 7
1781225935482 20.555555555555557 8
1781225940587 22.59259259259259 9
1781225946273 23.703703703703702 10
1781225952746 27.037037037037038 11
1781225957968 28.333333333333332 12
1781225965087 28.51851851851852 13
1781225970378 26.296296296296298 14
1781225976613 28.333333333333332 15
1781225982218 31.11111111111111 16
1781225987306 29.814814814814813 17
