1781290852671 19.444444444444443 0
1781290857955 34.25925925925926 1
1781290864983 37.592592592592595 2
1781290870238 45.0 3
1781290876893 46.851851851851855 4
1781290882427 50.0 5
1781290887769 53.7037037037037 6
1781290894890 58.888888888888886 7
1781290900292 60.0 8
1781290907354 63.333333333333336 9
1781290912857 62.592592592592595 10
1781290919442 64.07407407407408 11
1781290925166 66.66666666666667 12
1781290930519 70.37037037037037 13
1781290937482 67.96296296296296 14
1781290942867 67.4074074074074 15
1781290950000 71.48148148148148 16
1781290955267 74.44444444444444 17
1781290961069 77.03703703703704 18
1781290967511 74.81481481481481 19
1781290972820 71.66666666666667 20
1781290979779 75.92592592592592 21
1781290985031 79.62962962962963 22
