1781290852671 2.1570264732136444 0
1781290857955 1.8626188600764555 1
1781290864983 1.6374894906492794 2
1781290870238 1.4589250122799593 3
1781290876893 1.3728247284889221 4
1781290882427 1.2989223354003008 5
1781290887769 1.24727960544474 6
1781290894890 1.1136683330816382 7
1781290900292 1.083367943763733 8
1781290907354 0.9526955204851487 9
1781290912857 1.0003176804851084 10
1781290919442 0.9137601247605156 11
1781290925166 0.8652895732837564 12
1781290930519 0.8073505259612027 13
1781290937482 0.7997095304376939 14
1781290942867 0.8296841593349681 15
1781290950000 0.7387229800224304 16
1781290955267 0.6848608614767299 17
1781290961069 0.6396040416815701 18
1781290967511 0.6503770088448244 19
1781290972820 0.7008624874493655 20
1781290979779 0.6566070462850964 21
1781290985031 0.6301979514605859 22
