1781220857448 18.333333333333332 0
1781220864072 34.81481481481482 1
1781220869232 35.55555555555556 2
1781220874182 42.96296296296296 3
1781220881289 45.55555555555556 4
1781220886313 47.592592592592595 5
1781220892813 50.74074074074074 6
1781220897882 50.925925925925924 7
1781220902862 51.111111111111114 8
1781220909689 56.48148148148148 9
1781220914617 55.925925925925924 10
1781220920745 55.370370370370374 11
1781220926254 56.851851851851855 12
1781220931197 58.333333333333336 13
1781220938132 62.407407407407405 14
1781220943115 61.2962962962963 15
1781220949071 59.44444444444444 16
1781220954881 63.333333333333336 17
