1781220857448 2.1722691970712997 0
1781220864072 1.9931153900483076 1
1781220869232 1.6750788373105667 2
1781220874182 1.5520111217218286 3
1781220881289 1.444502220434301 4
1781220886313 1.3847545735976274 5
1781220892813 1.2860957138678606 6
1781220897882 1.2816637544070972 7
1781220902862 1.2362667865612929 8
1781220909689 1.0870667853776146 9
1781220914617 1.0825069862253525 10
1781220920745 1.086848332601435 11
1781220926254 1.0438763499259949 12
1781220931197 1.0001852740259731 13
1781220938132 0.94339219436926 14
1781220943115 0.9762578168336082 15
1781220949071 0.9870217346093234 16
1781220954881 0.9385898884604958 17
