1781219278483 2.1368413707789253 0
1781219283661 1.8631250507691328 1
1781219290544 1.6117578920196085 2
1781219295719 1.497450022136464 3
1781219302601 1.3576169785331278 4
1781219307841 1.2746778814231647 5
1781219313495 1.2168364963110756 6
1781219319941 1.0836220103151657 7
1781219325066 1.102962620118085 8
1781219332018 1.0197018016787136 9
1781219337142 1.0619129748905407 10
1781219343408 0.9972036253003513 11
1781219349217 0.9797019432572758 12
1781219354243 0.920530659310958 13
1781219361232 0.9073751262005638 14
1781219366436 0.8738536124720293 15
1781219373519 0.820943237227552 16
1781219378652 0.7974945578505012 17
1781219384076 0.7455714660532334 18
1781219390816 0.778740727726151 19
1781219395956 0.826760421780979 20
1781219402885 0.7292793358073515 21
1781219408014 0.7502754786435295 22
1781219413855 0.7077905351624769 23
1781219420088 0.7136664136367685 24
1781219425428 0.6638005744008457 25
1781219432481 0.6326966986936682 26
1781219437551 0.6464538635576472 27
1781219443960 0.618901417535894 28
1781219449768 0.5943776579464183 29
