1781219278483 21.666666666666668 0
1781219283661 32.407407407407405 1
1781219290544 40.74074074074074 2
1781219295719 45.0 3
1781219302601 46.666666666666664 4
1781219307841 52.407407407407405 5
1781219313495 57.96296296296296 6
1781219319941 60.370370370370374 7
1781219325066 58.333333333333336 8
1781219332018 63.888888888888886 9
1781219337142 63.51851851851852 10
1781219343408 65.92592592592592 11
1781219349217 67.22222222222223 12
1781219354243 69.62962962962963 13
1781219361232 68.14814814814815 14
1781219366436 69.81481481481481 15
1781219373519 69.62962962962963 16
1781219378652 72.5925925925926 17
1781219384076 73.70370370370371 18
1781219390816 71.85185185185185 19
1781219395956 69.07407407407408 20
1781219402885 72.03703703703704 21
1781219408014 74.44444444444444 22
1781219413855 75.55555555555556 23
1781219420088 75.74074074074075 24
1781219425428 75.92592592592592 25
1781219432481 78.14814814814815 26
1781219437551 80.37037037037037 27
1781219443960 80.18518518518519 28
1781219449768 80.0 29
