1781216824659 2.1418671082047855 0
1781216829763 1.7696804684751175 1
1781216836165 1.6594054418451645 2
1781216841460 1.5618304645313936 3
1781216846597 1.5333025665844189 4
1781216853395 1.4800851239877588 5
1781216858664 1.3915557089973898 6
1781216865378 1.3454838798326605 7
1781216870427 1.2471069553319145 8
1781216875529 1.2569249605431276 9
1781216882208 1.119102451731177 10
1781216887155 1.0824551529744093 11
1781216893976 1.1308061392868267 12
1781216899052 1.0534172671682693 13
1781216904457 0.9604171234018662 14
1781216911151 0.926382484681466 15
1781216916119 0.8514778947128969 16
1781216922841 0.8852831274271011 17
1781216927802 0.8433852055493523 18
1781216933370 0.8202184465001611 19
1781216939842 0.8274592792286593 20
1781216944886 0.79000704341075 21
1781216951690 0.6978053073672688 22
1781216956699 0.7278690530973322 23
