1781216824659 22.77777777777778 0
1781216829763 33.148148148148145 1
1781216836165 37.407407407407405 2
1781216841460 41.111111111111114 3
1781216846597 41.48148148148148 4
1781216853395 43.148148148148145 5
1781216858664 45.55555555555556 6
1781216865378 50.18518518518518 7
1781216870427 52.77777777777778 8
1781216875529 53.51851851851852 9
1781216882208 58.148148148148145 10
1781216887155 60.74074074074074 11
1781216893976 61.111111111111114 12
1781216899052 60.925925925925924 13
1781216904457 64.44444444444444 14
1781216911151 66.29629629629629 15
1781216916119 68.51851851851852 16
1781216922841 71.11111111111111 17
1781216927802 72.03703703703704 18
1781216933370 71.29629629629629 19
1781216939842 69.44444444444444 20
1781216944886 72.5925925925926 21
1781216951690 74.25925925925925 22
1781216956699 74.62962962962963 23
