1781223399892 24.814814814814813 0
1781223406968 40.0 1
1781223412134 45.55555555555556 2
1781223417747 55.0 3
1781223424239 56.48148148148148 4
1781223429466 61.2962962962963 5
1781223436431 65.74074074074075 6
1781223441528 68.14814814814815 7
1781223448298 68.51851851851852 8
1781223453372 72.4074074074074 9
1781223458598 74.25925925925925 10
1781223465186 76.66666666666667 11
1781223470393 76.66666666666667 12
1781223477141 78.70370370370371 13
1781223482530 80.74074074074075 14
1781223488678 82.77777777777777 15
1781223494383 82.4074074074074 16
1781223499630 85.55555555555556 17
1781223506521 84.62962962962963 18
1781223511588 87.96296296296296 19
1781223518318 88.14814814814815 20
1781223523405 90.92592592592592 21
1781223529038 89.25925925925925 22
