1781223399892 2.1063451802029327 0
1781223406968 1.6981321958934559 1
1781223412134 1.4983334997121025 2
1781223417747 1.3367087841033936 3
1781223424239 1.2255575341336868 4
1781223429466 1.1129523585824406 5
1781223436431 1.063385579515906 6
1781223441528 0.9096735119819641 7
1781223448298 0.9503513346700108 8
1781223453372 0.7837966233491898 9
1781223458598 0.8314001402434181 10
1781223465186 0.6953414402463857 11
1781223470393 0.6878816038370132 12
1781223477141 0.6474585094872642 13
1781223482530 0.6348354847115629 14
1781223488678 0.5958851207705105 15
1781223494383 0.5350659735062543 16
1781223499630 0.47758883281665687 17
1781223506521 0.4801970658933415 18
1781223511588 0.4490668536985622 19
1781223518318 0.39509738017531004 20
1781223523405 0.3572884136263062 21
1781223529038 0.414755382520311 22
