1781219977213 11.851851851851851 0
1781219982498 10.74074074074074 1
1781219989635 13.148148148148149 2
1781219994844 11.481481481481481 3
1781220001873 13.333333333333334 4
1781220007168 12.222222222222221 5
1781220012927 12.777777777777779 6
1781220019673 17.59259259259259 7
1781220024969 15.74074074074074 8
1781220031826 18.88888888888889 9
1781220036987 15.37037037037037 10
1781220043604 18.14814814814815 11
1781220049573 19.444444444444443 12
1781220054773 20.185185185185187 13
1781220061850 20.0 14
1781220067070 21.85185185185185 15
1781220074123 20.37037037037037 16
