1781219977213 2.216543239705703 0
1781219982498 2.2064153166378246 1
1781219989635 2.2001469205407536 2
1781219994844 2.204466097495135 3
1781220001873 2.2021309417836807 4
1781220007168 2.2019660472869873 5
1781220012927 2.187228104647468 6
1781220019673 2.1847481657476986 7
1781220024969 2.1927903119255516 8
1781220031826 2.1694070591646084 9
1781220036987 2.1641021966934204 10
1781220043604 2.156632290166967 11
1781220049573 2.1689922248615936 12
1781220054773 2.168862490093007 13
1781220061850 2.138137333533343 14
1781220067070 2.136529435129727 15
1781220074123 2.1269682365305282 16
