1781214948565 2.1855544693329754 0
1781214953664 2.1225057559854843 1
1781214960413 2.0245750020532047 2
1781214965490 1.8901306531008553 3
1781214970481 1.736786491730634 4
1781214977306 1.5497250872499801 5
1781214982346 1.4521375193315393 6
1781214988697 1.2773902100675247 7
1781214993996 1.1863773167133331 8
1781214998970 1.0991413978969349 9
1781215005879 1.0625692886464737 10
1781215010966 0.9703085194615757 11
1781215017350 0.8841510204707875 12
1781215022550 0.8770579835947823 13
1781215027471 0.8412832381094203 14
1781215034461 0.8322620426907259 15
1781215039676 0.7908961632672478 16
1781215046045 0.672276603824952 17
1781215051356 0.6855459826834062 18
1781215056370 0.6460775619044024 19
1781215063079 0.6015111278085148 20
1781215068103 0.5510440744897899 21
1781215074296 0.6188071690061513 22
1781215079724 0.5960606923874687 23
1781215084994 0.5065981649300632 24
1781215092929 0.4690129625446656 25
1781215098799 0.4403936578070416 26
1781215106721 0.440543111632852 27
1781215112140 0.45109694845536175 28
1781215118178 0.39858254176728863 29
