1781214948565 14.25925925925926 0
1781214953664 28.703703703703702 1
1781214960413 37.592592592592595 2
1781214965490 46.48148148148148 3
1781214970481 44.074074074074076 4
1781214977306 50.18518518518518 5
1781214982346 53.333333333333336 6
1781214988697 55.55555555555556 7
1781214993996 59.44444444444444 8
1781214998970 59.629629629629626 9
1781215005879 60.55555555555556 10
1781215010966 65.74074074074075 11
1781215017350 67.4074074074074 12
1781215022550 69.25925925925925 13
1781215027471 70.92592592592592 14
1781215034461 72.77777777777777 15
1781215039676 70.37037037037037 16
1781215046045 77.4074074074074 17
1781215051356 76.85185185185185 18
1781215056370 75.18518518518519 19
1781215063079 78.88888888888889 20
1781215068103 82.03703703703704 21
1781215074296 77.5925925925926 22
1781215079724 80.55555555555556 23
1781215084994 83.70370370370371 24
1781215092929 84.44444444444444 25
1781215098799 86.48148148148148 26
1781215106721 84.81481481481481 27
1781215112140 85.92592592592592 28
1781215118178 87.4074074074074 29
