1781222892112 31.48148148148148 0
1781222896917 36.111111111111114 1
1781222903407 42.22222222222222 2
1781222908266 44.81481481481482 3
1781222913270 50.55555555555556 4
1781222919708 55.74074074074074 5
1781222924591 62.592592592592595 6
1781222930774 61.666666666666664 7
1781222935739 63.333333333333336 8
1781222940536 61.111111111111114 9
1781222947109 71.29629629629629 10
1781222951922 70.74074074074075 11
1781222957823 69.44444444444444 12
1781222963224 72.5925925925926 13
1781222968076 73.14814814814815 14
1781222974599 76.48148148148148 15
1781222979417 77.96296296296296 16
1781222984797 78.88888888888889 17
1781222990508 78.51851851851852 18
1781222995258 82.96296296296296 19
1781223001584 80.37037037037037 20
1781223006434 83.70370370370371 21
1781223011317 80.92592592592592 22
1781223017550 83.70370370370371 23
1781223022315 85.74074074074075 24
1781223028728 86.29629629629629 25
