1781222892112 1.9877306328100317 0
1781222896917 1.7305354090297924 1
1781222903407 1.6586296873934128 2
1781222908266 1.5452867676230038 3
1781222913270 1.348960643305498 4
1781222919708 1.2920500741285437 5
1781222924591 1.11459981693941 6
1781222930774 1.1778707399087793 7
1781222935739 1.0663607471129473 8
1781222940536 1.1005658051546883 9
1781222947109 0.9130433920551749 10
1781222951922 0.9857200392905403 11
1781222957823 0.9077526225763208 12
1781222963224 0.8445208791424247 13
1781222968076 0.8028512211406932 14
1781222974599 0.7642409950494766 15
1781222979417 0.7112015906502219 16
1781222984797 0.7015339556862327 17
1781222990508 0.7351165036944782 18
1781222995258 0.6099473299349055 19
1781223001584 0.6484084690318388 20
1781223006434 0.5966797339565614 21
1781223011317 0.6232279600465999 22
1781223017550 0.5488429560380823 23
1781223022315 0.5478204081163687 24
1781223028728 0.5382569344604716 25
