1781221885352 15.925925925925926 0
1781221892233 23.88888888888889 1
1781221897366 31.11111111111111 2
1781221903553 36.2962962962963 3
1781221909253 41.666666666666664 4
1781221914440 43.7037037037037 5
1781221921363 49.25925925925926 6
1781221926437 45.925925925925924 7
1781221933213 54.629629629629626 8
1781221938375 54.25925925925926 9
1781221943481 57.22222222222222 10
1781221950322 56.666666666666664 11
1781221955424 62.96296296296296 12
1781221962355 65.18518518518519 13
1781221967426 69.62962962962963 14
1781221972741 67.96296296296296 15
1781221979284 69.25925925925925 16
1781221984346 70.92592592592592 17
1781221991446 71.48148148148148 18
1781221996498 72.5925925925926 19
1781222002160 74.25925925925925 20
1781222008448 73.70370370370371 21
1781222013514 77.03703703703704 22
1781222020317 77.22222222222223 23
1781222025404 79.44444444444444 24
1781222031234 77.03703703703704 25
1781222037253 80.0 26
