1781221885352 2.202135780278374 0
1781221892233 2.1354224611731136 1
1781221897366 2.041717266335207 2
1781221903553 1.8910606819040634 3
1781221909253 1.7239961308591507 4
1781221914440 1.6078260295531328 5
1781221921363 1.5238631928668303 6
1781221926437 1.515064726857578 7
1781221933213 1.3857616782188416 8
1781221938375 1.347399981582866 9
1781221943481 1.219212596907335 10
1781221950322 1.228318123256459 11
1781221955424 1.1509441522990955 12
1781221962355 1.0594046045752132 13
1781221967426 1.0079563505509321 14
1781221972741 0.9979791115312016 15
1781221979284 0.9501420189352596 16
1781221984346 0.8979513259495006 17
1781221991446 0.8698234803536359 18
1781221996498 0.8220026668380288 19
1781222002160 0.8114534239558613 20
1781222008448 0.8055247103466707 21
1781222013514 0.7524080416735481 22
1781222020317 0.7438575713073506 23
1781222025404 0.7073088437318802 24
1781222031234 0.6916777097127017 25
1781222037253 0.6312076878898284 26
