1781222512678 2.174573126961203 0
1781222518193 1.9789588416323942 1
1781222525149 1.7682154844788944 2
1781222530486 1.57850602795096 3
1781222536659 1.4446853048661177 4
1781222542945 1.3106699322952944 5
1781222548229 1.2187184656367582 6
1781222555211 1.1084105530205894 7
1781222560491 1.083259088151595 8
1781222567476 0.9838199948563295 9
1781222572863 0.8380217517123503 10
1781222578946 0.826412607641781 11
1781222585066 0.8079425622435177 12
1781222590351 0.7138243308838677 13
1781222597496 0.6248153456870247 14
1781222602795 0.5691392544437858 15
1781222609780 0.5872678243938614 16
1781222615030 0.5010712124845561 17
1781222620836 0.4584479367031771 18
1781222627135 0.4240053878987537 19
1781222632314 0.38594626635313034 20
1781222639217 0.3609393988462055 21
1781222644364 0.3399786276414114 22
1781222650846 0.32625778019428253 23
1781222656240 0.3060339511755635 24
1781222661470 0.31358718236579614 25
1781222668413 0.22370725212728276 26
1781222673744 0.19638028614880407 27
1781222680507 0.19490624043871374 28
1781222685665 0.20566866579739487 29
