1781222512678 22.40740740740741 0
1781222518193 30.925925925925927 1
1781222525149 39.44444444444444 2
1781222530486 48.148148148148145 3
1781222536659 52.22222222222222 4
1781222542945 56.48148148148148 5
1781222548229 58.51851851851852 6
1781222555211 62.77777777777778 7
1781222560491 65.74074074074075 8
1781222567476 69.25925925925925 9
1781222572863 72.96296296296296 10
1781222578946 74.07407407407408 11
1781222585066 74.81481481481481 12
1781222590351 79.81481481481481 13
1781222597496 83.70370370370371 14
1781222602795 85.74074074074075 15
1781222609780 83.33333333333333 16
1781222615030 86.66666666666667 17
1781222620836 88.33333333333333 18
1781222627135 91.48148148148148 19
1781222632314 90.37037037037037 20
1781222639217 91.48148148148148 21
1781222644364 92.5925925925926 22
1781222650846 94.07407407407408 23
1781222656240 93.70370370370371 24
1781222661470 93.51851851851852 25
1781222668413 95.55555555555556 26
1781222673744 96.85185185185185 27
1781222680507 95.74074074074075 28
1781222685665 96.48148148148148 29
