1781216540473 26.48148148148148 0
1781216545710 30.74074074074074 1
1781216552782 35.55555555555556 2
1781216557970 39.44444444444444 3
1781216564678 42.407407407407405 4
1781216570080 46.111111111111114 5
1781216575212 48.148148148148145 6
1781216582330 48.888888888888886 7
1781216587580 56.2962962962963 8
1781216594534 57.407407407407405 9
1781216599847 57.77777777777778 10
1781216605677 60.370370370370374 11
1781216611925 62.03703703703704 12
1781216617090 61.111111111111114 13
1781216623936 66.66666666666667 14
1781216629267 65.18518518518519 15
1781216635468 62.96296296296296 16
1781216641096 66.11111111111111 17
1781216646213 72.22222222222223 18
1781216653122 67.77777777777777 19
1781216658309 70.74074074074075 20
1781216664820 70.92592592592592 21
1781216670225 68.70370370370371 22
1781216675379 72.22222222222223 23
1781216682321 72.77777777777777 24
