1781216540473 2.0655996518976547 0
1781216545710 1.8022619626101326 1
1781216552782 1.720972807968364 2
1781216557970 1.650778805508333 3
1781216564678 1.6164266011294197 4
1781216570080 1.494442427859587 5
1781216575212 1.381872625911937 6
1781216582330 1.4073615792919607 7
1781216587580 1.291367101318696 8
1781216594534 1.1968406421296738 9
1781216599847 1.1536033837234272 10
1781216605677 1.1326515359037064 11
1781216611925 1.098826198016896 12
1781216617090 1.1137614916352665 13
1781216623936 0.9917903472395504 14
1781216629267 1.0031800042180454 15
1781216635468 1.0631176014156902 16
1781216641096 0.9465914614060346 17
1781216646213 0.8892864637515124 18
1781216653122 0.9525424557573655 19
1781216658309 0.9136307134347803 20
1781216664820 0.8237195777542451 21
1781216670225 0.9329730079454535 22
1781216675379 0.7895282121265635 23
1781216682321 0.7706398017266217 24
